155.10002174201102 234.0999588766774 
52.20033315594756 67.19956776018155 
-201.79996463417697 -12.79995641716222 
-203.99999616433226 248.1999954893081 
200.0997883819648 -29.80015709211435 
126.19971228373299 71.99982315484395 
-14.799993914596142 204.09998741965367 
-38.99979364745471 -23.800297925529765 
100.9973214266448 -221.99376169651015 
93.92145660996479 -175.13548266220096 
226.99952132209535 -138.80012883343332 
-15.000058988781179 -89.7996523632675 
79.38175935009556 -185.7704992705189 
231.00015684963523 152.9981861139102 
237.09975993253246 104.20180550046429 
101.09680994019816 -11.999300502742578 
148.10011391041385 -88.89999284422227 
-148.90001410042106 73.99995341983947 
168.09985191390595 -170.79976787366832 
57.10321463061985 -2.9002802535084395 