2978.704964931435 -143405.89212985866 
960.4198783724804 -70578.54357034745 
3275.6307304691086 -508576.54059813113 
-4602.093718044617 312311.1468620605 
25787.21909297516 234878.89732283627 
-213.16689666643407 12182.729811252371 
2266.5204806101074 3451.749369048644 
112.37780433544384 2250.520366887111 
123998.51628004201 5247033.154089004 
2700.773694738313 753727.4621397065 
399.5179652160873 493492.95892578043 
49567.78484437058 -11812006.863824118 
35.72124676819478 -151794.43874304267 
881.1340412736574 63811.75322577427 
-684.7966488986875 -410349.1432948664 
-23.65038709863826 19396.099335987976 
-470.1718312551085 50.635580748339194 
29317.76501200942 13477163.468592571 
59986.11568584568 -4920937.759611881 
11186.181643141761 215.50006401192886 