2465.9447470739574 -143570.6301579639 
599.3983855229824 -70704.65611584595 
2846.153444757473 -509179.3921693852 
-4106.869265836372 312686.7209091733 
24132.21095039034 235153.5053220632 
-265.93996922441903 12420.929190022853 
2081.9374752550025 3455.957685959038 
-130.92307773288744 2247.7706598944173 
119180.48799492641 5252676.40903021 
2658.061952418659 754723.911531756 
403.12701902337074 494250.1066468873 
51822.226543899254 -11828338.45616743 
261.9792147253504 -151661.18821408835 
1022.7622939826656 63887.304250465975 
-797.2196983895307 -410890.3528520086 
35.025521023998834 19552.594387369714 
29.09137450929899 320.474699242839 
16229.642187440411 13493546.757006641 
37272.562311099966 -4926581.087931294 
8478.737986059585 -69.44208397979456 