3005.000360718998 -143743.40418744012 
981.0496779638803 -70836.92049283219 
3303.3389424505044 -509811.651134359 
-4638.7770108007835 313080.61564151116 
25931.132844504275 235441.50883344753 
-238.90985888984164 12960.011994608676 
2291.13154799078 3460.371286620897 
-386.0922955113128 2251.020313613197 
125375.09579007504 5258594.944700256 
2729.2481896180825 755768.9682112227 
406.73607283065417 495044.18840317015 
50469.56152418205 -11845466.711551879 
300.6086238887673 -152297.8296302035 
859.3450793184254 63966.5406909963 
-671.5704077821177 -411457.9628753529 
96.56366856725231 19381.19504538019 
357.8744612322105 -143.64858456699568 
30220.394172324523 13510729.230221398 
61362.69467825451 -4932499.700558971 
11332.529948930025 -145.889977343427 