3031.295756506561 -144080.91624502157 
1001.6794775552802 -71095.29741531692 
3331.0471544319003 -511046.7616705869 
-4675.46030355695 313850.08442096185 
26075.04659603339 236004.12034405879 
-130.78941755153096 12985.085613426621 
2315.7426153714814 3468.9932041925763 
-65.64723132435856 2258.019567776887 
126751.67530010807 5270156.735311508 
2700.773694738313 757810.4742827389 
399.5179652160873 496595.41788055986 
49567.78484437058 -11878926.55927964 
-162.9442860722349 -152268.21840154697 
837.5561173631934 64121.328156218326 
-658.344166665548 -412566.7824558394 
216.7777242331422 19366.290754772406 
-470.17183125516914 50.63558074847103 
31123.023332639626 13544294.991850225 
62739.273670663344 -4944061.64150606 
11478.87825471825 104.30312821028292 