2439.6493512863944 -145603.7385048236 
578.7685859315825 -72261.06948224209 
2818.4452327760773 -516619.4627804722 
-4070.185973080205 317321.85427110246 
24276.124701919456 238542.56989788814 
169.11609235116984 12345.708333569017 
2057.3264078741377 3507.8944751292793 
-119.05474202235975 2290.2661315983064 
117803.90848489339 5322322.433426563 
2629.58745753889 767021.5552482703 
395.9089114088039 503594.41754640156 
50920.44986408779 -12029894.20557513 
250.94224067865875 -154118.92019257933 
957.3954081169695 64819.71445763676 
-783.9934572729609 -417569.6708011297 
-236.88722393456 19656.924421624208 
53.44567722973384 342.0618287209474 
17132.271347755515 13695740.51158029 
38649.1413035088 -4996228.017922094 
8625.086291847847 -13.843616078967516 