3031.295756506561 -146451.5366494627 
1001.6794775552802 -72910.0877041978 
3331.0471544319003 -519721.9428179017 
-4675.46030355695 319254.6865623417 
26362.87409909162 239955.796430495 
-102.47215910578204 12032.2880983447 
2315.7426153718006 3529.5519109193283 
112.37780433544643 2314.013601077669 
126751.67530010807 5351364.550319113 
2700.773694738313 772149.6240707693 
399.5179652160873 507490.9582574638 
49567.78484437058 -12113942.156415101 
13.647298674812298 -155555.06478242044 
837.5561173631934 65208.525828611135 
-658.344166665548 -420354.919985447 
-23.65038709863831 19947.55808847601 
333.5201585126708 -122.06145508565801 
31123.023332639626 13780054.508052701 
62739.273670663344 -5025270.5124439495 
11771.574866294703 90.40351123508093 