3005.000360718998 -147464.07282220706 
981.0496779638803 -73685.218471652 
3303.3389424505044 -523427.27442658535 
-4638.7770108007835 321563.09290069377 
25931.132844504275 241643.63096232875 
-133.3637137738715 12809.570281701004 
2241.909413229638 3555.417663609225 
124.24614004673289 2335.011363561747 
122621.93677000898 5386049.922152869 
2615.3502100990054 778274.1422853179 
377.8636423723867 512144.64668963297 
46862.45480493618 -12214321.699598383 
24.68427272150277 -156798.73638599418 
815.7671554079614 65672.88822427747 
-645.1179255489782 -423681.37872690655 
191.0175694475919 20394.68680670955 
-494.5261339756136 29.0484512696246 
32025.65249295473 13880751.792939182 
64115.852663072175 -5059956.3352852175 
11625.226560506477 146.0019791359065 