2465.9447470739574 -147636.84685168328 
599.3983855229824 -73817.48284863823 
2846.153444757473 -524059.53339155915 
-4106.869265836372 321956.9876330316 
24132.21095039034 241931.6344737131 
-78.01634499354546 12546.297284112577 
2032.7153404931619 3559.8312642656942 
-130.92307773318194 2332.761603295671 
119180.48799492641 5391968.457822915 
2601.1129626591205 779319.1989647845 
388.690803794237 512938.7284459158 
50018.67318427632 -12231449.954982832 
261.97921472534887 -156635.87462838335 
979.1843700722015 65752.12466480794 
-770.7672161563911 -424248.98875025084 
129.47942190433952 20223.287464720026 
29.09137450970228 320.47469924037625 
18034.90050807062 13897934.266153939 
40025.72029591763 -5065874.947912894 
8771.434597636073 55.65446879706723 