2439.6493512863944 -147974.35890926473 
620.0281851143823 -74075.85977112297 
2873.861656738869 -525294.643927789 
-4143.552558592538 322726.4564124823 
24276.124701919456 242494.24598432434 
30.10409634476654 12571.370902930523 
2057.32640787389 3568.453181826546 
-320.8164491038955 2346.2601648928294 
120557.06750495944 5403530.248434167 
2629.58745753889 781360.7050363007 
395.9089114088039 514489.9579233055 
50920.44986408779 -12264909.802710593 
74.35065593161008 -157405.7665734528 
1000.9733320274336 65906.91213003025 
-783.9934572729609 -425357.80833073735 
9.265366238450559 20208.38317411224 
-190.0973499725459 -413.4877030550033 
17132.271347755515 13931500.027782766 
38649.1413035088 -5077436.8888599835 
8625.086291847847 27.855234846655108 