165.201961717663 244.19591569058952 
72.41685028590638 87.32882774461389 
-181.59188839460586 7.400882725963988 
-204.26350552842953 231.44591855181767 
209.91860484478443 -10.0500967112899 
146.37063940710794 71.9825415034333 
5.400606651965625 214.19851955135974 
-38.98447067980345 -3.625252311935352 
100.86871028813403 -221.6501083840083 
18.112958895942146 81.17982305414023 
226.91780028501378 -118.58855502098166 
-15.006619281483644 -69.56577116443492 
-223.52811350185337 235.53287381509355 
231.101669092818 152.6134922167607 
247.09000824642945 124.78516634360639 
110.97264568489716 -11.847593338576228 
158.2243370022485 -78.81409129210535 
-138.80225650626747 73.99289214955039 
178.16705373891406 -150.49195144813368 
67.49634258388767 7.168999890034228 