2465.9447470739574 -148311.87096684618 
640.6579847057822 -74334.2366936077 
2901.569868720265 -526529.7544640192 
-4180.235851348704 323495.925191933 
24420.03845344857 243056.8574949356 
138.224537683079 12596.444521748468 
2081.937475254658 3577.075099386781 
177.65365074455886 2345.760218167056 
121933.64701499247 5415092.03904542 
2658.061952418659 783402.2111078169 
403.12701902337074 516041.1874006952 
51822.226543899254 -12298369.650438353 
-212.61066928234334 -157909.1574606136 
1022.7622939826656 66061.69959525256 
-797.2196983895307 -426466.62791122386 
-110.94868942743841 20193.478883504456 
29.091374509785815 320.4746992400652 
18034.90050807062 13965065.789411593 
40025.72029591763 -5088998.829807073 
8771.434597636073 -69.44208397978541 