3005.000360718998 -149834.6932266482 
1022.3092771466808 -75500.00876053287 
3358.755366413296 -532102.4555739153 
-4712.143596313116 326967.6950420736 
26218.960347562504 245595.30704876495 
-105.04645532812204 12157.656192434426 
2241.9094132297355 3615.976370271511 
-386.0922955131941 2378.006781979166 
125375.09579007504 5467257.737160474 
2672.299199858544 792613.2920733483 
377.8636423723867 523040.1870665369 
46862.45480493618 -12449337.296733845 
322.682571982146 -159759.85925164598 
815.7671554079614 66760.08589667227 
-645.1179255489782 -431469.5162565142 
96.56366856725009 20513.921131571828 
357.8744612333726 -100.47432560488319 
33830.91081358494 14116511.309141658 
66869.01064788984 -5141165.206223107 
11917.92317208293 132.10236216070444 