2978.704964931435 -150172.20528422965 
1001.6794775552809 -75758.38568301761 
3331.0471544319003 -533337.5661101455 
-4675.46030355695 327737.1638215243 
26075.04659603339 246157.9185593762 
-213.1668966664324 12182.729811252371 
2217.29834584895 3624.598287826841 
-65.6472313244764 2386.0059295913056 
126751.67530010807 5478819.527771726 
2700.773694738313 794654.7981448645 
385.0817499869536 524591.4165439267 
47764.231484747645 -12482797.144461606 
-140.87033797885584 -159789.4704803025 
837.5561173631934 66914.87336189458 
-658.344166665548 -432578.3358370007 
216.77772423313849 20528.825422179612 
-470.1718312555229 50.63558074927857 
32928.281653269834 14150077.070770485 
65492.43165548101 -5152727.147170196 
11771.574866294743 -215.38806221944512 