2518.5355386490833 -151357.51548645023 
681.9175838885828 -76665.78082745805 
3012.402716645848 -537675.1566838113 
-4326.96902237337 330439.4648922142 
24995.69345956503 248133.7566025943 
27.529800122424504 12746.88623465614 
2131.159610016097 3654.877641138445 
177.65365074553316 2410.25334578889 
124686.80603505853 5519423.435275529 
2715.0109421781976 801824.3730388797 
403.12701902337074 530039.1867323787 
51822.226543899254 -12600304.943029337 
-190.53672118896395 -161610.56104267834 
979.1843700722015 67458.47219809199 
-770.7672161563911 -436472.4046018045 
-110.94868942743888 20864.17196085477 
-165.74304725222424 -391.90057357219507 
21645.417149331035 14267956.828871723 
45532.03626555296 -5193331.582639141 
9356.827820789045 -222.33787070704471 