3031.295756506561 -151867.8015735079 
1042.9390767380812 -77056.42212692901 
3386.463578394692 -539542.5261850166 
-4748.8268890692825 331602.82840400276 
26362.87409909162 248984.3716245899 
190.99761024106115 12934.938375790729 
2266.5204806106826 3667.9131593403226 
-374.2239598031814 2420.502253665534 
126751.67530010807 5536903.7615568265 
2700.773694738313 804910.9357898625 
385.0817499869536 532384.4979660512 
47764.231484747645 -12650893.046141546 
333.719546028835 -162276.81368745 
793.9781934527293 67692.49610384477 
-631.8916844324084 -438148.8342056353 
-264.07849843041583 21199.518499529924 
333.52015851343066 -122.06145508310813 
36538.79829453025 14318705.063715307 
68245.58964029867 -5210812.136213907 
12064.27147787119 -62.49227549217562 