2518.5355386490833 -154073.6839498438 
681.9175838885837 -78745.09987031139 
2956.9862926830565 -547614.855761093 
-4326.96902237337 336631.8564982698 
24995.69345956503 252661.43971179918 
-188.71108255419432 12596.444521748468 
2081.937475254201 3724.2635490244907 
-308.94811339493737 2473.7465799491033 
121933.64701499247 5612468.321623225 
2715.0109421781976 818253.6361858434 
388.690803794237 542522.8906218483 
50018.67318427632 -12869577.050933696 
85.38762997829645 -164897.4074235518 
935.6064461617375 68704.14275154773 
-744.3147339232515 -445395.7621781007 
6.403126817833658 21594.48220063622 
-165.74304725216342 -391.90057356983215 
23450.675469961243 14538081.291503713 
48285.19425037062 -5286377.678832384 
9649.524432365497 236.3494894747551 