3031.295756506561 -158304.63867166842 
1042.9390767380828 -81984.03914860217 
3386.463578394692 -563097.8485545509 
-4895.560060093948 346277.6972692409 
26938.52910520808 259714.176862676 
80.3028726804043 12985.08561342662 
2315.7426153730507 3832.3454438877225 
-65.64723132488317 2554.9879228596187 
129504.83432017412 5757403.625357136 
2814.6716742573904 843845.3730109214 
399.5179652160873 561968.6601419837 
49567.78484437058 -13289020.14209241 
-140.8703379788594 -169738.84330889248 
793.9781934527293 70644.51419058455 
-658.344166665548 -459295.60763348517 
-146.726682185145 22421.67032936827 
-470.17183125593704 50.635580749929716 
34733.53997390004 14958852.08906508 
70998.74762511633 -5431314.867133397 
12356.96808944764 104.30312821030407 