2978.704964931435 -159654.68690199422 
1001.6794775552836 -83017.54683854111 
3331.0471544319003 -568038.290699472 
-4822.193474581615 349355.5723870437 
26650.70160214985 261964.622905121 
3.0739860101850276 12232.87704888826 
2217.298345849289 3866.8331140152914 
136.1144757590551 2589.4842469233795 
123998.51628004201 5803650.787802145 
2757.722684497852 852011.3972969862 
385.0817499869536 568173.5780515425 
47764.231484747645 -13422859.533003453 
35.721246768188706 -171752.40685753568 
750.4002695422653 71263.6640514738 
-658.344166665548 -463730.8859554312 
188.1553300269758 22883.703338209594 
-470.17183125597853 50.63558074997697 
34733.53997390004 15093115.135580389 
70998.74762511633 -5477562.630921754 
12356.96808944768 -187.5888282690182 