2978.704964931435 -162025.30730643537 
1001.6794775552843 -84832.33712742198 
3331.0471544319003 -576713.4718468036 
-4822.193474581615 354760.1745284235 
26650.70160214985 265916.2989915568 
190.99761024104922 12834.643900518948 
2217.298345849331 3927.391820454855 
-374.2239598067161 2632.479665320423 
126751.67530010807 5884858.60280975 
2757.722684497852 866350.5470850166 
385.0817499869536 579069.1184284465 
47764.231484747645 -13657875.130138915 
333.7195460288323 -174713.52972318747 
793.9781934527293 72350.8617238686 
-658.344166665548 -471519.02348503884 
93.70142914663406 23062.55482550301 
333.5201585145935 -122.06145507983878 
34733.53997390004 15328874.651782865 
70998.74762511633 -5558771.5018596435 
12356.96808944768 -229.2876791946333 