2465.9447470739574 -164231.18968277128 
681.9175838885874 -86521.01487080436 
2956.9862926830565 -584785.8014228799 
-4400.335607885702 359789.2026226905 
25283.52096262326 269593.3670787657 
-188.7110825541896 12596.444521748468 
2032.71534049138 3983.7422099691103 
-308.94811339771667 2685.723991589319 
124686.8060350585 5960423.162876148 
2771.959931937736 879693.2474809975 
388.690803794237 589207.5110842435 
50018.67318427632 -13876559.134931065 
107.4615780716768 -177393.34591660232 
935.6064461617375 73362.50837157156 
-770.7672161563911 -478765.95145750424 
-205.4025903077818 23919.55153545063 
-165.74304725204135 -391.9005735631563 
23450.675469961243 15548250.87957127 
51038.352235188286 -5634337.04447812 
9942.221043942014 69.55408577229326 