3031.295756506561 -168462.1444045959 
1084.198675920888 -89759.95414909514 
3441.8800023574836 -600268.7942163378 
-5042.293231118613 369435.0433936617 
27514.18411132454 276646.1042296418 
85.45146512507756 12934.938375790729 
2266.5204806117613 4091.8241045109926 
-65.64723132548494 2767.965227935541 
129504.83432017398 6105358.466610059 
2871.620664016929 905284.9843060755 
385.0817499869536 608653.2806043789 
47764.231484747645 -14296002.22608978 
-118.7963898854788 -182234.781801943 
750.4002695422653 75302.87981060839 
-631.8916844324084 -492665.7969128887 
216.77772423314005 24314.515236556927 
-470.1718312563463 50.635580750354755 
40149.314935790666 15969021.677132638 
79258.22157956932 -5779274.232779133 
13235.057924177014 -48.59265851695398 