2492.2401428615203 -168634.9184340721 
702.5473834799902 -89892.21852608137 
2984.6945046644523 -600901.0531813129 
-4510.385486154201 369828.9381259995 
25715.262217210606 276934.1077410261 
140.79883390539962 12671.665378202304 
2057.326407872121 4096.23770514018 
189.52198645904912 2771.214881651359 
123310.22652502535 6111277.002280105 
2800.4344268175055 906330.0409855421 
381.47269617967015 609447.3623606617 
49116.89650446485 -14313130.481474228 
-157.42579904889558 -182871.42321805813 
870.2395602960414 75382.11625113885 
-757.5409750398213 -493233.406936233 
249.6934775702289 24634.957484624298 
53.44567723112453 342.06182871183256 
26158.562950906555 15986204.150347395 
55168.08921241478 -5785192.84540681 
10381.26596130668 -152.83978583099716 