2978.704964931435 -169137.1685197588 
1042.9390767380887 -90276.7079940646 
3386.463578394692 -602739.0152887984 
-4968.9266456062805 370973.98095256306 
27226.35660826631 277771.3272508642 
224.46346113146762 12132.582573616479 
2217.2983458495364 4109.067939525318 
-374.2239598089866 2780.963842798755 
126751.67530010792 6128482.0478325635 
2871.620664016929 909367.9964491079 
385.0817499869536 611755.7395591583 
47764.231484747645 -14362921.9215453 
355.79349412221296 -183448.84217686023 
750.4002695422653 75612.454741053 
-658.344166665548 -494883.4360738617 
70.80351378170269 24776.54824539825 
-470.1718312564225 50.63558075039255 
38344.05661516046 16036153.200390292 
76505.06359475166 -5802398.114673312 
12942.36131260057 -187.58882826901154 