3005.000360718998 -169820.22863629268 
1063.568876329489 -90799.61367052181 
3414.1717903760878 -605238.6437549787 
-5005.609938362447 372531.23919668945 
27658.097862853654 278909.945784244 
5.648282232520642 12057.361717162643 
2291.131547993062 4126.517058286619 
100.50946862738424 2801.9616052696006 
130881.413830207 6151880.909783907 
2957.0441486562368 913499.6158795573 
406.73607283065417 614895.1325491137 
50469.56152418205 -14430638.28004196 
68.83216890825983 -184218.73412192968 
815.7671554079614 75925.71508733626 
-671.5704077821177 -497127.4757010368 
-172.48683697069293 24761.643954790467 
-494.5261339767234 72.2227102290146 
37441.427454845354 16104083.908448633 
75128.48460234283 -5825797.280875755 
13088.709618388792 -159.78959431859917 