2518.5355386490833 -172693.0991264205 
764.4367822541926 -92998.89342738592 
3067.81914060864 -615751.7870097958 
-4620.4353644227 379080.8841646328 
26147.00347179795 283698.8413805179 
166.54179612880068 12320.634714751068 
2131.1596100154056 4199.90599892322 
-356.421456243682 2876.2036940063763 
127439.96505512432 6250293.7703439705 
2885.8579114568133 930876.7211311535 
403.12701902337074 628099.0501245143 
51822.226543899254 -14715445.317248493 
-168.46277309558621 -182723.36707477554 
935.6064461617375 77243.25124964521 
-770.7672161563911 -506565.64236827317 
-110.94868942743993 25260.937690151255 
29.091374510867084 320.4746992324483 
27061.19211122166 16389792.474694006 
56544.66820482361 -5924211.421080146 
10527.614267094903 -208.43825373181778 