2492.2401428615203 -174726.2074732802 
743.8069826627941 -94555.30679378206 
3095.5273525900357 -623191.8576208971 
-4583.752071666534 383716.017526562 
26003.089720268836 287087.90595634247 
-80.59064121588888 12721.812615838195 
2106.5485426341397 4251.84278765123 
-368.2897919548272 2961.694584062212 
128816.5445651573 6319939.794740323 
2914.3324063365826 943174.3648476677 
410.3451266379376 637443.3610240285 
52724.00322371072 -14917001.066656195 
-179.4997471422769 -185240.32151057955 
957.3954081169695 78175.6614568177 
-783.9934572729609 -513244.9603173943 
249.6934775702289 25946.53505810935 
4.737071790538777 342.06182871071263 
27963.821271536763 16591986.229267655 
55168.08921241478 -5993858.351070946 
10381.26596130668 152.95178762353135 