3031.2957565065994 -182010.84271607985 
1166.7178742864967 -100131.94203741092 
3552.712850283067 -649849.660027867 
-5189.026402143279 400323.71868303936 
28089.839117441 299230.93772703415 
80.30287268038333 12985.085613426956 
2315.7426153753577 4437.93250676134 
88.64113291932827 3227.4162686359427 
135011.15236030554 6569481.775433183 
3042.4676332955446 987236.8708912256 
399.5179652160873 670924.0639110232 
49567.78484437058 -15639176.11344703 
377.86744221565266 -185817.74046938165 
793.9781934527293 81516.49091453258 
-658.344166665548 -537176.9829295614 
-175.34907639130927 27280.46906750608 
-470.1718312565175 50.635580750599615 
45565.08989768129 17316447.251091007 
82011.37956438698 -6243403.576512291 
13527.75453575349 104.3031282103134 