3031.2957565065803 -182685.86683124275 
1166.7178742864971 -100648.69588238039 
3552.712850283067 -652319.8811003275 
-5189.026402143279 401862.65624194074 
28089.839117441 300356.16074825655 
219.31486868676467 12182.729811252648 
2266.520480612699 4455.176341718709 
397.21786140790795 3214.4176537737007 
132257.9933402394 6592605.356655687 
2985.518643536006 991319.883034258 
385.0817499869536 674026.5228658026 
47764.231484747645 -15706095.80890255 
-372.64679295939715 -185284.73835356432 
750.4002695422653 81826.0658449772 
-631.8916844324084 -539394.6220905344 
-146.72668218514508 27429.51197358393 
-470.1718312565266 50.63558075059814 
47370.3482183115 17383578.774348807 
84764.53754920464 -6266527.45840647 
13820.45114732993 -48.59265851694856 