2492.2401428615312 -182858.64086071897 
785.0665818455993 -100780.96025936662 
3095.5273525900357 -652952.1400653025 
-4657.118657178867 402256.5509742786 
26290.917223327066 300644.16425964085 
163.96749990644605 12446.002808841093 
2057.3264078710886 4459.589942331917 
320.07367928565577 3203.6687991761723 
126063.38554509074 6598523.892325733 
2914.3324063365826 992364.9397137247 
381.47269617967015 674820.6046220855 
49116.89650446485 -15723224.064287 
-135.35185095552836 -185181.09905326652 
870.2395602960414 81905.30228550767 
-757.5409750398213 -539962.2321138787 
-85.18853464189206 27600.911315573452 
53.445677231382675 342.06182870980336 
33379.596233427386 17400761.2475636 
60674.405182050104 -6272446.0710341465 
10966.659184459631 -152.8397858309909 