3005.0003607194167 -185393.9992932751 
1146.088074695099 -102721.863093746 
3525.004638301671 -662230.1727838893 
-5152.343109387112 408036.7271627713 
27945.925365911884 304870.44834530354 
82.8771689027209 12859.71751933722 
2241.909413231438 4524.356965248189 
-77.51556703572648 3192.419997853716 
130881.41383020619 6685374.962274544 
2957.0441486562368 1007700.5388938047 
377.8636423723867 686473.2927200963 
46862.45480493618 -15974571.253765773 
410.9783643565585 -188334.69490518305 
772.1892314974973 83068.05098259432 
-645.1179255489782 -548291.5792006286 
-266.9407378510347 28144.917922757595 
-494.5261339769865 29.048451272208837 
46467.71905799639 17652904.052180693 
83387.95855679581 -6359298.270291449 
13674.10284154171 146.0019791359311 