2439.649351285845 -185904.28538033646 
785.0665818456014 -103112.50439321696 
3095.5273525900357 -664097.5422850946 
-4657.118657178867 409200.0906745598 
26290.917223327066 305721.06336729904 
246.34497902133327 12621.518140566723 
2057.3264078708135 4537.392483324981 
-142.79141344689043 3202.6689057255 
128816.54456515663 6702855.288555842 
2971.281396096121 1010787.1016447875 
395.9089114088039 688818.6039537688 
50920.44986408779 -16025159.356877983 
339.238033052706 -190215.0079248699 
957.3954081169695 83302.0748883471 
-783.9934572729609 -549968.0088044594 
-85.188534641892 28331.221555354903 
-190.09734997233107 -413.4877030354954 
31574.33791279718 17703652.287024386 
57921.24719723244 -6376778.823866215 
10673.96257288319 27.855234846682873 