2518.535538648667 -187262.36961204308 
846.955980619802 -104152.16391464364 
3178.651988534223 -669067.3918237354 
-4767.168535447366 412296.2864775876 
26722.65847791441 307984.90492190124 
-160.39382410843513 12320.634714751357 
2081.9374752521503 4572.085436938025 
153.9169793305909 3216.167467312654 
130193.12407518957 6749377.73172969 
2999.7558909758905 1019001.7332182693 
388.690803794237 695060.4558985037 
50018.67318427632 -16159795.410830162 
328.20105900600714 -190303.84161083927 
935.6064461617375 83924.91016507497 
-744.3147339232515 -554429.6875926075 
123.75494306310662 28495.168752040536 
-165.74304725194543 -391.90057355687895 
36087.4837143727 17838714.518340673 
64804.1421592766 -6423301.871962836 
11405.704101824293 236.34948947476795 