2978.704964931825 -188447.67981427524 
1166.717874286501 -105059.55905908407 
3552.712850283067 -673404.9823974012 
-5189.026402143279 414998.5875482775 
28377.66662049923 309960.74296511913 
-25.243272435573733 12884.791138155168 
2266.5204806130932 4602.364789929429 
397.2178614087123 3190.920157677201 
135011.1523603051 6789981.639233492 
3099.416623055083 1026171.3081122845 
399.5179652160873 700508.2260869556 
49567.78484437058 -16277303.209397893 
101.94309104773802 -190377.86968248044 
837.5561173631934 84468.50900127237 
-684.7966488986875 -558323.7563574113 
-264.0784984304182 28770.898128284553 
333.5201585158189 -122.06145507654642 
45565.08989768129 17956594.276442166 
82011.37956438698 -6463906.307431781 
13820.45114732993 229.39968098716497 