3057.5911522947754 -189460.21598703123 
1228.6072730607013 -105834.68982653828 
3635.8374862272544 -677110.314006092 
-5299.076280411778 417306.9938866296 
28521.580372028344 311648.5774969527 
221.88916490909259 12157.6561924347 
2291.1315479945924 4628.230542304117 
100.50946863065111 3183.9209035212243 
136387.7318703381 6824667.011067249 
3070.942128175314 1032295.8263268331 
392.29985760152044 705161.9145191248 
48666.00816455911 -16377682.752581175 
-383.6837670097057 -190348.25845382398 
815.7671554079614 84932.8713969393 
-645.1179255489782 -561650.2150988708 
96.56366856725066 28726.185256461198 
-494.5261339770857 72.2227102290707 
48272.9773786266 18057291.561328866 
86141.11654161348 -6498592.130273049 
14259.496064694591 -20.79342456653583 