2518.535538647774 -192003.61042098422 
846.9559806198051 -107781.74449240539 
3178.651988534223 -686417.7541183986 
-4840.535120959698 423105.4907603473 
27010.48598097264 315888.2570947728 
32.67839256707987 12696.738997020564 
2081.9374752518797 4693.202848834499 
153.91697933086718 3216.167467312463 
130193.12407518922 6911793.361744899 
3056.704880735429 1047680.0327943302 
388.690803794237 716851.5366523116 
50018.67318427632 -16629826.605101086 
-322.98040975403836 -190984.89986993786 
935.6064461617375 86099.30550986457 
-744.3147339232515 -570005.9626518227 
-82.32629522127553 29449.043350938755 
-165.74304725194898 -391.90057355602346 
36087.4837143727 18310233.550746646 
67557.30014409426 -6585719.613838615 
11698.400713400733 236.34948947476883 