2518.53553864765 -194374.23082544925 
846.9559806198067 -109596.53478128626 
3178.651988534223 -695092.9352657303 
-4840.535120959698 428510.0929017271 
27010.48598097264 319839.9331812086 
-265.93996922437526 12320.634714751357 
2081.937475251764 4753.761554715868 
-154.65974915851345 3180.6712498058764 
130193.12407518904 6993001.176752504 
3056.704880735429 1062019.1825823921 
388.690803794237 727747.0770292155 
50018.67318427632 -16864842.202236548 
350.27500709866825 -191577.12444306735 
935.6064461617375 87186.50318225937 
-744.3147339232515 -577794.1001814303 
-234.02498451394572 29687.51200066331 
29.09137451116284 320.4746992302252 
36087.4837143727 18545993.066949632 
67557.30014409426 -6666928.484776504 
11698.400713400735 222.44987249956375 