3031.2957565082397 -194538.96885355568 
1207.9774734693049 -109722.64732678476 
3608.1292742458586 -695695.7868369855 
-5335.759573167944 428885.66694883996 
28665.49412355746 320114.5411804355 
-241.48415511214466 12834.643900519273 
2266.520480613303 4757.969871563655 
-397.9606312364628 3183.4209567957932 
135011.15236030467 6998644.43169371 
3099.416623055083 1063015.631974444 
385.0817499869536 728504.2247503224 
47764.231484747645 -16881173.79457986 
399.94139030911407 -192184.1546305254 
793.9781934527293 87262.05420695122 
-631.8916844324084 -578335.3097385726 
-264.0784984304182 29993.049958122898 
333.52015851602584 -122.06145507609595 
49175.606538941705 18562376.355363738 
90270.85351883997 -6672571.813095917 
14405.844370482811 -62.49227549215114 