2978.704964933444 -195559.5410276766 
1207.9774734693056 -110503.9299257267 
3608.1292742458586 -699430.525839396 
-5335.759573167944 431212.39397241705 
28665.49412355746 321815.7712244265 
85.45146512504984 12834.643900519273 
2266.520480613351 4784.0409076416845 
-397.96063123664493 3204.918665989889 
137764.31138037067 7033605.084256306 
3156.3656128146217 1069188.757476424 
399.5179652160873 733194.8472176675 
49567.78484437058 -16982350.00080428 
377.8674422156503 -195944.780669901 
881.1340412736574 87730.10201845678 
-684.7966488986875 -581688.1689462342 
99.42590798786708 30052.667120554037 
-470.1718312568539 50.63558075072912 
47370.3482183115 18663872.825051125 
87517.6955340223 -6707532.920245449 
14113.14775890637 215.50006401196057 