3057.5911522970423 -196572.0772004247 
1269.866872243506 -111279.0606931809 
3691.253910190046 -703135.8574480868 
-5445.809451436443 433520.8003107691 
29097.235378144804 323503.6057562601 
111.19442734845087 12107.508954798806 
2291.131547994939 4809.906659964994 
-101.25223845855038 3211.9179201460047 
139140.8908904037 7068290.456090063 
3184.840107694391 1075313.275690987 
392.29985760152044 737848.5356498366 
48666.00816455911 -17082729.54398756 
90.90611699833514 -195500.61224005322 
859.3450793184254 88194.46441412371 
-645.1179255489782 -585014.6276876937 
67.9412743610865 30529.604420003147 
357.87446123647413 -143.64858455431042 
50078.23569925681 18764570.109937824 
91647.4325112488 -6742218.743086717 
14552.192676271032 -34.693041541739824 