2978.704964933783 -197584.6133731715 
1207.977473469307 -112054.1914606351 
3608.1292742458586 -706841.1890567776 
-5335.759573167944 435829.2066491212 
28665.49412355746 325191.4402880937 
-213.16689666639968 12182.729811252648 
2217.298345850285 4835.772412280436 
-113.12057416966007 3190.9201576771625 
135011.15236030452 7102975.827923819 
3156.3656128146217 1081437.79390555 
385.0817499869536 742502.2240820058 
47764.231484747645 -17183109.087170843 
-372.6467929661229 -195530.22346870974 
837.5561173631934 88658.82680979064 
-658.344166665548 -588341.0864291532 
-264.0784984304182 30663.74303547321 
-470.17183125689405 50.63558075073865 
49175.606538941705 18865267.394824523 
90270.85351883997 -6776904.565927985 
14405.844370482811 -187.58882826900128 