3005.000360721653 -201988.34212447057 
1228.6072730607098 -115425.39511591212 
3635.8374862272544 -722956.4408152106 
-5445.809451436443 445868.9421524302 
29097.235378144804 332532.1809503541 
-27.81756865791992 12809.570281701326 
2241.9094132319506 4948.267906395986 
76.77279720871054 3204.41871926416 
136387.73187033742 7253829.667327777 
3184.840107694391 1108074.5874101568 
377.8636423723867 762742.075358424 
46862.45480493618 -17619680.433714006 
90.90611699796578 -195500.6122400532 
815.7671554079614 90678.43468935793 
-645.1179255489782 -602808.541907882 
213.9154848125239 31200.29749735346 
357.87446123668406 -100.4743255972546 
50078.23569925681 19303220.665601596 
94400.59049606646 -6927760.366856675 
14844.889287847473 132.1023621607281 