2465.9447470711125 -202161.11615394618 
846.955980619812 -115557.65949289835 
3178.651988534223 -723588.6997801856 
-4913.901706472031 446262.83688476804 
27298.31348403087 332820.1844617384 
27.5298001223901 12546.297284112881 
2032.7153404882854 4952.681506983731 
-178.39642058116658 3201.169065548755 
130193.12407518872 7259748.202997822 
3170.602860254506 1109119.644089626 
388.690803794237 763536.1571147068 
50018.67318427632 -17636808.689098455 
328.20105900335204 -195337.75048244232 
979.1843700722015 90757.6711298884 
-770.7672161563911 -603376.1519312263 
246.83123814961277 31520.73974542083 
-165.74304725196362 -391.9005735541747 
36087.4837143727 19320403.13881639 
70310.45812891192 -6933678.979484351 
11991.097324977176 97.35331972271415 