3005.0003607216627 -205379.53470301506 
1269.8668722435118 -118021.46800373493 
3691.253910190046 -735366.3609649527 
-5519.176036948776 453600.2713173871 
29385.062881203034 338185.0870807809 
-27.81756865792147 12960.011994609009 
2291.1315479952727 5034.897648131215 
-77.51556703639626 3210.9180266951485 
141894.0499104695 7369998.134897977 
3298.738087213468 1128586.8627002009 
406.73607283065417 778328.238202673 
50469.56152418205 -17955872.237073887 
-85.68546775021213 -201067.52322747878 
946.5009271393535 92233.6801732583 
-671.5704077821177 -613949.5386451512 
185.2930906063598 32362.832164760664 
357.87446123678984 -143.64858455357168 
50078.23569925681 19640476.65149197 
94400.59049606646 -7043930.344944096 
14844.889287847476 -173.68921129379413 