3057.5911522973265 -208425.17922260833 
1311.1264714263136 -120353.01213758528 
3746.6703341528378 -746511.7631847449 
-5592.542622461108 460543.81101766834 
29672.890384261264 343261.98618843907 
-133.36371377385473 12909.864756973115 
2291.1315479953496 5112.700188639198 
100.5094686310547 3181.921116619284 
141894.0499104695 7474329.531128086 
3298.738087213468 1147009.0246313068 
392.29985760152044 792326.2375343564 
48666.00816455911 -18257807.52966487 
-383.6837670127583 -200534.52111166145 
902.9230032288895 93630.45277609772 
-645.1179255489782 -623955.3153357318 
185.29309060635987 33033.52524211091 
-494.52613397751196 72.22271022907336 
51883.49401988702 19943367.690952756 
97153.74848088413 -7148263.097776164 
15430.28251100035 -20.7934245665327 