2492.240142858955 -208935.4653096642 
908.8453793940162 -120743.65343705624 
3261.7766244784107 -748379.1326859501 
-5023.95158474053 461707.1745294569 
27730.054738618215 344112.6012104346 
30.104096344723914 12621.518140566723 
2057.3264078697034 5125.735706634713 
-320.8164491154408 3192.170024490903 
134322.86260528775 7491809.857409384 
3199.0773551342754 1150095.5873822968 
381.47269617967015 794671.548768029 
49116.89650446485 -18308395.63277708 
317.164084956555 -200460.49304002014 
1000.9733320274336 93864.4766818505 
-757.5409750398213 -625631.7449395626 
3.5408873972172596 32877.03019072921 
-190.0973499723648 -413.4877030312079 
38795.37119531801 19994115.92579645 
74440.19510613842 -7165743.65135093 
12430.14224234187 -166.73940280619092 