3005.000360721664 -209100.20333776885 
1269.8668722435143 -120869.76598255475 
3691.253910190046 -748981.9842572054 
-5519.176036948776 462082.7485765697 
29385.062881203034 344387.20920966147 
82.877168902691 12859.71751933722 
2241.9094132320597 5129.944023467715 
-77.51556703652233 3189.420317500957 
139140.89089040342 7497453.1123505905 
3241.7890974539296 1151092.0367743487 
377.8636423723867 795428.6964891359 
46862.45480493618 -18324727.22512039 
366.83046816697885 -201067.52322747878 
859.3450793184254 93940.02770654234 
-645.1179255489782 -626172.9544967049 
-55.13502072541933 33033.52524211091 
-494.52613397752737 29.048451272603558 
51883.49401988702 20010499.214210555 
97153.74848088413 -7171386.979670343 
15137.585899423913 118.20274518552291 