3005.000360721664 -210120.77551188058 
1269.866872243515 -121651.04858149668 
3691.253910190046 -752716.723259616 
-5592.542622461108 464409.4756001468 
29672.890384261264 346088.43925365247 
111.19442734842951 12057.361717162912 
2291.131547995378 5156.0150594544275 
-77.51556703648451 3210.918026695165 
141894.0499104695 7532413.764913186 
3355.6870769730067 1157265.1622763288 
406.73607283065417 800119.318956481 
50469.56152418205 -18425903.43134481 
90.90611699795693 -200593.7435689745 
946.5009271393535 94408.0755180479 
-671.5704077821177 -629525.8137043664 
-143.86444276452832 33152.75956697316 
357.87446123695617 -143.64858455318608 
50078.23569925681 20111995.683897942 
97153.74848088413 -7206348.086819875 
15137.585899423913 -173.68921129379348 