2518.5355386467863 -213339.19406094946 
929.475178985419 -124114.85709233326 
3289.4848364598065 -764494.3844443831 
-5134.001463009029 471746.9100327659 
28161.79599320556 351453.34187269496 
166.54179612872926 12420.929190023146 
2081.937475251292 5238.231200464242 
-154.65974915925503 3178.6714629038274 
135699.4421153208 7642663.696813341 
3284.5008397735833 1176732.3808869037 
388.690803794237 814911.4000444472 
50018.67318427632 -18744966.979320243 
350.2750070968354 -201763.38710090698 
1022.7622939826656 95884.0845614178 
-744.3147339232515 -640099.2004182914 
-82.3262952212753 33845.80908023498 
29.09137451141415 320.47469922843976 
39698.000355633114 20432069.196573522 
78569.93208336491 -7316599.45227962 
12869.187159706526 222.44987249956498 