3031.2957565094953 -213503.9320890541 
1290.4966718349172 -124240.96963783176 
3718.962122171442 -765097.2360156383 
-5629.225915217275 472122.4840798787 
29816.80413579038 351727.94987192185 
113.76872357076394 12182.729811252648 
2266.5204806137954 5242.43951729352 
-397.9606312383011 3181.421169893787 
140517.47040043646 7648306.951754548 
3327.2125820932374 1177728.8302789556 
385.0817499869536 815668.547765554 
47764.231484747645 -18761298.571663555 
399.94139030725904 -202370.41728836563 
881.1340412736574 95959.63558610964 
-631.8916844324084 -640640.4099754336 
-23.650387098638717 33689.31402885328 
333.5201585166639 -122.0614550746956 
52786.12318020212 20448452.484987628 
101283.48545811062 -7322242.7805990325 
15576.630816788569 -62.492275492148565 