2492.240142858955 -216047.32652296248 
950.1049785768207 -126188.02430369887 
3317.1930484412023 -774404.676127945 
-5170.684755765195 477920.9809535964 
28305.709744734675 355967.62946974195 
140.79883390532638 12671.665378202617 
2057.326407869584 5307.411823449082 
320.07367928816984 3199.669225372461 
137076.02162535384 7735433.302432198 
3312.9753346533525 1193113.0367464887 
381.47269617967015 827358.1698987408 
49116.89650446485 -19013442.424183466 
140.5725002083796 -206293.90508535443 
1044.5512559378976 97126.06969903491 
-757.5409750398213 -648996.1575283855 
-202.54035088716492 34561.21502940848 
53.44567723187624 342.06182870637775 
40600.62951594822 20701394.474405408 
79946.51107577374 -7409370.264164599 
13015.535465494744 -152.83978583098443 