2465.944747071124 -216384.83858054274 
929.475178985421 -126446.4012261836 
3289.4848364598065 -775639.7866641752 
-5134.001463009029 478690.4497330471 
28161.79599320556 356530.24098035315 
248.91927524359457 12646.59175938467 
2032.7153404878943 5316.033740851208 
-178.39642058163125 3199.169278647014 
135699.4421153208 7746995.09304345 
3341.449829533122 1195154.5428180096 
388.690803794237 828909.3993761305 
50018.67318427632 -19046902.271911226 
-322.98040975557393 -206323.51631401095 
1066.3402178931296 97280.85716425722 
-770.7672161563911 -650104.977108872 
-82.3262952212753 34576.11932001626 
-165.74304725195833 -391.900573551685 
39698.000355633114 20734960.236034308 
78569.93208336491 -7420932.205111688 
12869.187159706526 97.35331972271524 