2465.944747071124 -221126.07938940826 
929.4751789854242 -130075.98180394535 
3289.4848364598065 -792990.1489588384 
-5207.368048521362 489499.6540158068 
28449.62349626379 364433.59315322473 
-160.39382410839903 12420.929190023404 
2032.7153404877988 5437.151151926658 
-178.39642058171864 3199.1692786470517 
135699.4421153208 7909410.72305866 
3398.3988192926604 1223832.8423941375 
388.690803794237 850700.4801299385 
50018.67318427632 -19516933.46618215 
328.20105900331214 -205524.01314028492 
1066.3402178931296 99455.25250904683 
-770.7672161563911 -665681.2521680873 
6.403126817833736 35336.2381410131 
-165.74304725195523 -391.9005735508629 
39698.000355633114 21206479.26844028 
81323.09006818257 -7583349.946987467 
13161.883771282963 97.3533197227157 