2978.704964933833 -221636.36547646413 
1290.4966718349226 -130466.62310341632 
3718.962122171442 -794857.5184600437 
-5702.592500729607 490663.01752759534 
30392.45914190684 365284.20817522024 
-241.48415511208884 12934.938375791357 
2266.5204806138763 5450.18666989295 
397.21786141099733 3187.9204773243723 
143270.62942050255 7926891.049339958 
3498.059551371853 1226919.4051451276 
399.5179652160873 853045.791363611 
49567.78484437058 -19567521.56929436 
-96.72244179697817 -206190.2657850566 
968.2898890945855 99689.2764147996 
-684.7966488986875 -667357.6817719181 
-175.34907639130887 35462.92461117924 
333.5201585169349 -122.06145507409403 
50980.86485957191 21257227.503283974 
101283.48545811062 -7600830.500562233 
15869.327428365006 229.3996809871682 