3031.2957565094953 -222986.41370678516 
1331.7562710177233 -131500.13079335427 
3774.3785461342336 -799797.9606049648 
-5775.95908624194 493740.8926453981 
30392.45914190684 367534.654217665 
190.99761024093308 12934.938375791357 
2266.5204806138677 5484.674339467625 
-397.96063123871966 3180.4212764427302 
143270.62942050255 7973138.211784966 
3441.1105616123145 1235085.4294312114 
385.0817499869536 859250.7092731699 
47764.231484747645 -19701360.960205402 
399.94139030725734 -207463.54861728693 
924.7119651841215 100308.42627568885 
-631.8916844324084 -671792.9600938641 
93.70142914663452 35582.15893604149 
333.5201585169753 -122.06145507400359 
54591.38150083233 21391490.549799573 
106789.80142774594 -7647078.26435059 
16162.024039941443 -62.492275492147584 