2492.240142858955 -223159.18773626076 
950.1049785768255 -131632.3951703402 
3317.1930484412023 -800430.2195699398 
-5244.051341277528 494134.78737773595 
28593.537247792905 367822.65772904933 
246.34497902123246 12671.665378202892 
2057.326407869447 5489.087940037798 
-320.8164491160234 3191.1701310400094 
137076.02162535384 7979056.747455012 
3369.924324412891 1236130.4861106805 
381.47269617967015 860044.7910294527 
49116.89650446485 -19718489.21558985 
361.31198114359455 -208100.1900334021 
1088.1291798483617 100387.66271621932 
-757.5409750398213 -672360.5701172084 
155.23957668988754 35753.55827803097 
-190.0973499723803 -413.4877030286181 
40600.62951594822 21408673.023014367 
82699.6690605914 -7652996.876978267 
13308.232077071181 -138.94016885577796 