2465.944747071124 -225867.32019827378 
970.7347781682272 -133705.56238170102 
3344.901260422598 -810340.5112535016 
-5280.734634033694 500308.8582985665 
28737.45099932202 372336.9453260963 
27.529800122374947 12546.297284113147 
2032.7153404877167 5558.2685629150155 
-178.3964205817889 3198.169385196186 
138452.60113538688 8071826.353073869 
3455.347809052199 1252511.1419702654 
388.690803794237 872491.5608837464 
50018.67318427632 -19986964.660453074 
-322.98040975557416 -211416.64764293225 
1109.9181418035937 101629.64785383643 
-770.7672161563911 -681257.5272273025 
35.02552102399799 36409.34706477334 
-165.7430472519493 -391.9005735500438 
41503.25867626332 21677998.300846253 
84076.24805300024 -7745767.688863246 
13454.5803828594 97.35331972271568 