3031.2957565094953 -227052.63040049016 
1373.0158702005258 -134612.95752613936 
3829.7949700970253 -814678.1018271674 
-5849.325671754273 503011.1593692564 
30968.1141480233 374312.7833693142 
108.62013112606482 12032.288098345194 
2315.7426153773154 5588.547915649361 
-89.38390274790007 3166.422768129848 
148776.94746063472 8112430.260577671 
3555.0085411313917 1259680.7168642974 
399.5179652160873 877939.3310721983 
49567.78484437058 -20104472.459020805 
-96.72244179697805 -211224.17465666487 
1011.8678130050496 102173.24669003383 
-658.344166665548 -685151.5959921064 
65.07903494047044 36774.50218466398 
333.5201585171074 -122.06145507370266 
54591.38150083233 21795878.058947746 
106789.80142774594 -7786372.1243321905 
16454.72065151788 90.40351123511296 