2518.5355386467863 -227217.3684285948 
1011.9943773510279 -134739.07007163757 
3400.31768438539 -815280.9533984227 
-5354.101219546027 503386.73341636924 
29313.10600543848 374587.3913685411 
55.847058568109205 12270.48747711571 
2131.1596100145325 5592.7562324696855 
153.91697933155254 3169.172475119845 
143958.91917551905 8118073.515518878 
3512.2967988117375 1260677.1662563493 
403.12701902337074 878696.4787933052 
51822.226543899254 -20120804.051364116 
-322.98040975557416 -211357.4251856192 
1153.4960657140577 102248.79771472568 
-770.7672161563911 -685692.8055492486 
6.40312681783385 36618.00713328228 
-165.7430472519418 -391.90057354978774 
41503.25867626332 21812261.34736185 
84076.24805300024 -7792015.452651603 
13747.276994435837 -194.53863675660003 