3057.5911522973265 -227390.14245807042 
1393.645669791926 -134871.3344486235 
3857.503182078421 -815913.2123633977 
-5886.008964510439 503780.6281487071 
30824.200396494183 374875.3948799254 
0.49968978781490114 12057.361717163143 
2291.1315479956156 5597.169833037228 
100.5094686311784 3179.9213297171736 
147400.36795060168 8123992.051188923 
3526.5340462516224 1261722.2229358184 
392.29985760152044 879490.5605495881 
48666.00816455911 -20137932.306748565 
-383.68376701275855 -210720.78376950405 
990.0788510498176 102328.03415525614 
-645.1179255489782 -686260.4155725929 
-55.13502072541916 36789.40647527176 
-494.5261339778999 72.22271022908001 
55494.01066114743 21829443.820576645 
108166.38042015478 -7797934.06527928 
16601.0689573061 -20.793424566531222 