2518.5355386467863 -232304.15729641155 
1011.9943773510313 -138633.1794033628 
3400.31768438539 -833895.8336230359 
-5427.46780505836 514983.72716380464 
29313.10600543848 383066.7505641813 
-78.01634499353113 12646.591759384944 
2081.9374752510867 5722.70084449077 
-154.65974915952512 3176.6716760015925 
141205.76015545297 8292326.2168741785 
3512.2967988117375 1291445.5791914153 
388.690803794237 902075.7230596788 
50018.67318427632 -20625091.756403938 
350.2750070968337 -211949.64975874958 
1109.9181418035937 104581.66594057622 
-744.3147339232515 -702404.3006551524 
158.10181611050413 37661.30747582696 
29.091374511669155 320.4746992266956 
43308.51699689353 22318145.326197412 
89582.56402263556 -7966270.419782735 
14039.973606012323 222.4498724995651 