2492.240142858955 -233991.71758431284 
1032.6241769424323 -139925.0640157835 
3428.0258963667857 -840071.3863041872 
-5464.151097814526 518831.0710610581 
29457.019756967595 385879.8081172373 
58.42135479043997 12295.561095933659 
2106.5485426328023 5765.810431400285 
165.78531504280355 3210.668053332859 
145335.4986855521 8350135.169930439 
3597.7202834510454 1301653.1095490202 
410.3451266379376 909831.8704466274 
52724.00322371072 -20792390.99504274 
-311.9434357088133 -216480.16774319703 
1218.8629515797538 105355.60326668777 
-783.9934572729609 -707948.398557585 
-231.16274509332885 37795.44609129699 
-141.38874453147704 -413.4877030266999 
42405.887836578426 22485974.13434191 
88205.98503022673 -8024080.124518182 
13893.625300224117 111.25293669792107 