3031.2957565094953 -236535.1120182212 
1414.2754693833315 -141872.1186816461 
3885.211394059817 -849378.8264164939 
-5996.058842778938 524629.5679347769 
31543.769154139758 390119.4877150574 
190.99761024088906 12934.938375791358 
2315.7426153774045 5830.782737370431 
-89.38390274795822 3165.422874678541 
151530.1064807008 8437261.52060809 
3668.906520650469 1317037.3160165532 
399.5179652160873 921521.4925798142 
49567.78484437058 -21044534.847562652 
-96.72244179697799 -216317.30598558616 
1055.4457369155136 106522.03737961304 
-658.344166665548 -716304.1461105369 
-52.27278130480264 38607.72992942106 
333.5201585174169 -122.06145507301714 
56396.63982146254 22738916.12375969 
112296.11739738127 -8111207.608083748 
17040.113874670813 90.40351123511283 