2978.704964933833 -237885.16024854223 
1373.0158702005322 -142905.62637158265 
3829.7949700970253 -854319.2685614149 
-5922.692257266605 527707.4430525892 
30968.1141480233 392369.9337575022 
-102.47215910573817 12232.877048888788 
2217.2983458505178 5865.270406883166 
112.3778043423363 3199.9191987356835 
146023.78844056863 8483508.683053099 
3611.9575308909302 1325203.340302637 
385.0817499869536 927726.410489373 
47764.231484747645 -21178374.238473695 
-96.72244179697798 -216376.5284428992 
1011.8678130050496 107141.18724050229 
-658.344166665548 -720739.4244324829 
-23.65038709863849 38816.38999793 
333.52015851747706 -122.06145507292051 
56396.63982146254 22873179.17027529 
112296.11739738127 -8157455.371872106 
16747.41726309439 -201.48844524420258 