2518.5355386467863 -239070.4704507586 
1053.2539765338347 -143813.021516021 
3455.7341083481815 -858656.8591350807 
-5574.200976083025 530409.7441232875 
29888.76101155494 394345.7718007201 
-78.01634499352204 12746.886234656742 
2131.159610014484 5895.549759576944 
-154.6597491595543 3218.6672009403387 
146712.07819558514 8524112.590556901 
3683.143768090353 1332372.915196669 
403.12701902337074 933174.180677825 
51822.226543899254 -21295882.037041426 
151.60947425513956 -216509.77897185355 
1197.0739896245218 107684.78607669969 
-770.7672161563911 -724633.4931972867 
129.47942190433997 39151.73653660507 
29.091374511756882 320.47469922608656 
43308.51699689353 22991058.928376783 
92335.72200745322 -8198059.80734105 
14332.670217588822 -180.63901978139427 