2518.5355386467863 -241441.09085519137 
1053.2539765338358 -145627.81180489768 
3455.7341083481815 -867332.0402824123 
-5574.200976083025 535814.3462646841 
30176.58851461317 398297.44788715587 
-155.24523166366944 12270.48747711571 
2131.1596100144943 5956.108464953952 
153.91697933158744 3168.172581668439 
146712.07819558514 8605320.405564506 
3683.143768090353 1346712.064984733 
403.12701902337074 944069.721054729 
51822.226543899254 -21530897.634176888 
328.20105900331214 -215769.49825544056 
1197.0739896245218 108771.98374909449 
-770.7672161563911 -732421.6307268944 
158.10181611050413 39613.76954544629 
-165.74304725192346 -391.90057354734216 
43308.51699689353 23226818.44457977 
92335.72200745322 -8279268.67827894 
14625.366829165281 -194.53863675659974 