2465.944747071124 -243136.68714446362 
1053.2539765338365 -146925.84824880608 
3455.7341083481815 -873537.0003572834 
-5574.200976083025 539680.0108471746 
29888.76101155494 401123.90095236927 
138.22453768292092 12596.444521749048 
2081.9374752510303 5999.423335571738 
-332.6847848274927 3210.1681066077667 
146712.07819558514 8663404.639349606 
3683.143768090353 1356968.202629755 
403.12701902337074 951862.8024768535 
51822.226543899254 -21698993.535856828 
151.60947425513956 -221543.6878434618 
1240.6519135349859 109549.60649104467 
-797.2196983895307 -737992.129095529 
-234.02498451394524 39703.195289092975 
29.091374511805935 320.4746992257221 
43308.51699689353 23395446.437524956 
92335.72200745322 -8337353.667322651 
14332.670217588866 -69.44208397975001 