2518.5355386467863 -244157.25931857535 
1094.5135757166363 -147707.13084774622 
3511.150532310973 -877271.739359694 
-5647.567561595358 542006.7378707589 
30176.58851461317 402825.13099636027 
55.84705856808995 12370.781952387573 
2081.937475251038 6025.494371438516 
153.91697933160845 3210.1681066077094 
146712.07819558514 8698365.291912202 
3683.143768090353 1363141.328131735 
388.690803794237 956553.4249441986 
50018.67318427632 -21800169.742081247 
328.20105900331214 -220862.62958436186 
1197.0739896245218 110017.65430255023 
-744.3147339232515 -741344.9883031906 
35.02552102399816 40135.41971671863 
-165.74304725191107 -391.9005735469379 
46919.033638153946 23496942.907212343 
97842.03797708855 -8372314.774472183 
14918.063440741744 236.34948947477096 