155.70005201941365 234.6999011203434 
53.40079580712455 68.3989728116828 
-200.59991343520966 -11.59989306566369 
-203.99999088140228 249.39998927409883 
200.69949468702265 -28.600373947796964 
127.39930820761613 71.99958000586639 
-13.599985206643582 204.6999697421874 
-38.999506773739306 -22.60071590109651 
100.99365773087334 -221.9848812746866 
94.21380045593351 -175.36580187035972 
226.9988372303824 -137.6003153888699 
-15.000142183635717 -88.59916508607397 
80.89382403138998 -184.94870313746273 
231.0004199342258 152.9954723787482 
237.69937994789376 105.40450697968548 
101.69238789100977 -11.998297702510907 
148.7002727883923 -88.29998801330328 
-148.30003511021562 73.99988553129451 
168.69966237988086 -169.599431477208 
57.70768047968747 -2.3007109788751143 