2465.944747071124 -244832.28343373587 
1053.2539765338365 -148223.8846927145 
3455.7341083481815 -879741.9604321545 
-5574.200976083025 543545.675429665 
29888.76101155494 403950.35401758266 
-160.3938241083343 12420.929190023548 
2032.7153404875892 6042.738206183711 
-178.39642058193874 3196.1695982946485 
143958.91917551905 8721488.873134706 
3683.143768090353 1367224.340274777 
388.690803794237 959655.883898978 
50018.67318427632 -21867089.43753677 
-322.98040975557404 -221602.91030077485 
1197.0739896245218 110327.22923299485 
-770.7672161563911 -743562.6274641636 
246.83123814961323 40314.271204012 
-165.7430472519248 -391.90057354678356 
45113.77531752374 23564074.430470143 
95088.87999227089 -8395438.65636636 
14625.366829165318 97.35331972271597 