2978.704964933833 -245342.56952079173 
1414.2754693833347 -148614.52599218456 
3885.211394059817 -881609.3299333598 
-6069.425428291271 544709.0389414572 
31831.596657197988 404800.96903957817 
-241.48415511198897 12934.938375791538 
2266.520480613995 6055.773724115436 
397.2178614111919 3184.9207969715535 
151530.1064807008 8738969.199416004 
3782.804500169546 1370310.903025767 
399.5179652160873 962001.1951326506 
49567.78484437058 -21917677.54064898 
101.94309104471603 -220936.65765600317 
1099.0236608259777 110561.25313874763 
-684.7966488986875 -745239.0570679944 
65.0790349404706 40440.95767417814 
333.520158517707 -122.06145507238021 
56396.63982146254 23614822.665313836 
115049.27538219893 -8412919.209941123 
17332.810486247345 229.3996809871682 