3031.2957565094953 -246692.61775111276 
1455.5350685661344 -149648.0336821211 
3940.6278180226086 -886549.7720782808 
-6142.792013803603 547786.9140592695 
31831.596657197988 407051.41508202296 
190.9976102408493 12934.938375791688 
2266.5204806139955 6090.261393601297 
-397.9606312391439 3177.421596089583 
151530.1064807008 8785216.361861013 
3725.8555104100074 1378476.927311851 
385.0817499869536 968206.1130422094 
47764.231484747645 -22051516.93156002 
79.86914295119448 -220936.65765600317 
1055.4457369155136 111180.40299963688 
-631.8916844324084 -749674.3353899404 
-146.7266821851444 40619.809161471516 
333.52015851774655 -122.06145507229134 
60007.15646272295 23749085.711829435 
120555.59135183426 -8459166.973729473 
17625.507097823796 -62.492275492147016 