3057.5911522973265 -248725.72609796526 
1476.1648681575346 -151204.44704851366 
3968.3360300040044 -893989.8426893821 
-6252.841892072102 552422.047421213 
32263.337911785333 410440.47965784755 
-244.0584513343061 12859.717519337835 
2291.131547995733 6142.198181570985 
-101.25223845919902 3206.9184528923665 
152906.68599073385 8854862.386257365 
3811.278995049315 1390774.571028394 
392.29985760152044 977550.4239417237 
48666.00816455911 -22253072.680967722 
-85.6854677502171 -221440.04854316398 
1077.2346988707457 112112.81320680937 
-645.1179255489782 -756353.6533390615 
-55.13502072541893 41186.1722045672 
357.87446123827016 -143.64858455008994 
59104.52730240785 23951279.46640352 
121932.17034424309 -8528813.903720262 
17771.855403612037 -34.693041541735944 