2518.5355386467863 -248898.50012744087 
1094.5135757166368 -151336.71142549958 
3511.150532310973 -894622.1016543572 
-5720.9341471076905 552815.9421535521 
30464.4160176714 410728.48316923185 
-188.71108255403976 12596.444521749352 
2081.9374752510416 6146.611782129347 
153.91697933160606 3210.1681066078977 
146712.07819558514 8860780.921927411 
3740.0927578498918 1391819.627707863 
388.690803794237 978344.5056980065 
50018.67318427632 -22270200.93635217 
-322.980409755574 -221543.6878434618 
1197.0739896245218 112192.04964733984 
-744.3147339232515 -756921.2633624058 
-116.67316826867194 41044.58144379328 
-165.74304725190643 -391.9005735461267 
46919.033638153946 23968461.939618316 
100595.19596190621 -8534732.516347937 
15210.760052318228 236.34948947477096 