3031.2957565094953 -249063.23815554552 
1455.5350685661347 -151462.8239709978 
3940.6278180226086 -895224.9532256124 
-6216.158599315936 553191.5162006661 
32119.424160256218 411003.09116845875 
-135.93800999611037 12834.643900519884 
2266.5204806140073 6150.820098940741 
397.2178614112455 3207.4183996178235 
151530.1064807008 8866424.176868618 
3782.804500169546 1392816.077099915 
385.0817499869536 979101.6534191134 
47764.231484747645 -22286532.528695483 
-372.6467929659976 -220936.65765600317 
1055.4457369155136 112267.60067203168 
-631.8916844324084 -757462.472919548 
-175.34907639130853 41201.07649517498 
-470.17183125782265 50.635580751159495 
60007.15646272295 23984845.22803242 
123308.74933665192 -8540375.844667349 
17918.20370940026 -48.59265851694146 