2492.240142858955 -250586.06041534216 
1073.883776125237 -152628.59603792027 
3483.4423203295773 -900797.6543355085 
-5684.250854351524 556663.2860508175 
30608.329769200514 413541.54072228784 
163.96749990628493 12295.561095933943 
2106.548542632781 6189.721368975008 
-166.52808487079213 3175.1718358248177 
148088.65770561818 8918589.874983672 
3825.5162424891996 1402027.1580654678 
410.3451266379376 986100.6530849551 
52724.00322371072 -22437500.174990974 
-135.35185096064063 -220833.01835570534 
1262.4408754902179 112965.98697345139 
-783.9934572729609 -762465.3612648384 
155.23957668988788 41521.518743242275 
4.73707179142923 342.0618287029501 
44211.146157208634 24136290.747762814 
96465.45898467972 -8592542.221083375 
15064.41174653003 125.15255367312723 