173.41230059533623 249.48063795682268 
87.37750951624164 102.28536889256982 
-166.5652122450596 22.404896874633387 
-214.1933907246268 200.23240586737074 
217.00257357811597 4.308919449405237 
161.3221125271303 71.95832224963961 
20.402321899678327 221.69449056691676 
-38.970965963928876 11.354524773229894 
100.76799064247979 -221.3664406720623 
-99.48373037539861 56.64143645378029 
226.76453383011784 -103.57310913696533 
-15.019183214269237 -54.504536692442855 
231.5932562873627 -138.1772439586915 
232.73275480396802 150.42613994706568 
245.2909104360808 141.97481904642893 
117.7432359253442 -12.136834233724572 
166.5692719217069 -70.02721151397463 
-131.30826253925224 73.97488832663035 
185.68803935866762 -135.31948917539208 
73.45726942578315 11.701327435027286 