2465.944747071124 -251944.14464703415 
1053.2539765338372 -153668.25555934454 
3455.7341083481815 -905767.5038741493 
-5647.567561595358 559759.4818538548 
30176.58851461317 415805.38227689004 
-271.08856166882896 12370.781952387795 
2032.7153404875953 6224.414322194798 
177.65365075391892 3187.670503961866 
146712.07819558514 8965112.31815752 
3740.0927578498918 1410241.7896389689 
388.690803794237 992342.5050296899 
50018.67318427632 -22572136.228943154 
350.2750070968338 -224623.2556237398 
1240.6519135349859 113588.82225017926 
-770.7672161563911 -766927.0400529865 
-116.67316826867189 41655.657358712306 
29.09137451193331 320.47469922492286 
45113.77531752374 24271352.9790791 
97842.03797708855 -8639065.269179989 
14918.063440741827 55.65446879709973 