2978.704964933833 -254479.50307957156 
1455.535068566135 -155609.15839371944 
3940.6278180226086 -915045.5365927361 
-6142.792013803603 565539.6580423655 
31831.596657197988 420031.6663625527 
3.073986010152447 12232.877048889066 
2217.298345850567 6289.1813443223455 
-374.2239598167182 3240.914830224189 
151530.1064807008 9051963.388106331 
3782.804500169546 1425577.3888190847 
385.0817499869536 1003995.1931277007 
45960.67812512471 -22823483.418421928 
-372.6467929659976 -226089.0114422375 
1099.0236608259777 114751.57094726591 
-658.344166665548 -775256.3871397363 
70.8035137817036 42363.61116258191 
-518.8804366989147 50.63558075121519 
60007.15646272295 24523495.783696193 
120555.59135183426 -8725917.468437277 
17625.50709782388 -215.38806221940712 