2465.944747071124 -256685.38545589967 
1094.513575716637 -157297.8361370979 
3511.150532310973 -923117.8661688125 
-5647.567561595358 570568.6861366481 
30176.58851461317 423708.7344497616 
138.2245376828756 12596.444521749352 
2032.7153404875664 6345.531732821663 
-332.6847848275295 3293.159263033775 
146712.07819558514 9127527.94817273 
3740.0927578498918 1438920.0892150968 
388.690803794237 1014133.5857834978 
48215.11982465338 -23042167.423214078 
372.34895519035535 -232144.50770249567 
1240.6519135349859 115763.21759496887 
-770.7672161563911 -782503.3151122017 
158.10181611050436 42669.149120041424 
-19.617230928983396 320.47469922452996 
48724.29195878415 24742872.011485074 
97842.03797708855 -8801483.011055741 
14918.063440741878 55.654468797099724 