173.88990843435099 249.2056187385957 
88.17560412694888 103.08301223162411 
-165.76305430408374 23.205983914729146 
-214.72335930956632 198.56672753316326 
217.3799212076528 5.074551531224874 
162.11914595390695 71.95687921405111 
21.202505132352073 222.0941306133953 
-38.96988094436217 12.152980208581033 
100.76267684382319 -221.35123310558546 
-130.73387252659046 36.24978007113195 
226.77436237631707 -102.77163048116088 
-15.020010879332721 -53.700449182014786 
199.65130394827182 -159.79013945020674 
233.1940351012388 150.0240009456459 
244.51677823750282 143.17714031121997 
118.05210085968393 -12.225583660833472 
167.2078602412234 -69.26716128664627 
-130.90707188735226 73.97124698134613 
186.09313544858045 -134.50824452511327 
73.59590728364185 11.662233760243742 