3057.5911522973265 -258208.2077156963 
1558.6840665231343 -158463.6082040204 
4079.168877929588 -928690.5672787086 
-6252.841892072102 574040.4559867994 
32263.337911785333 426247.1840035907 
-105.0464553280205 12057.36171716341 
2291.131547995754 6384.433002837992 
-409.82896695034714 3345.903642567412 
152906.68599073385 9179693.646287784 
3811.278995049315 1448131.1701806497 
392.29985760152044 1021132.5854493395 
46862.45480493618 -23193135.06950957 
410.97836435401814 -237755.83553290606 
1077.2346988707457 116461.60389638858 
-645.1179255489782 -787506.203457492 
-172.48683697069202 43019.39994932428 
309.16585579759345 -143.64858454941296 
64520.30226429847 24894317.531215467 
124685.32832906075 -8853649.387471767 
18064.552015188576 -6.893807591324962 