2492.240142858955 -258718.49380275217 
1156.4029744908366 -158854.24950349046 
3594.2751682551607 -930557.9367799138 
-5684.250854351524 575203.8194985916 
30320.502266142284 427097.7990255862 
-268.5142654464348 12345.708333569844 
2057.326407869288 6397.468520758434 
165.78531504283808 3357.1524438895553 
145335.4986855521 9197173.972569082 
3711.6182629701225 1451217.7329316398 
381.47269617967015 1023477.896683012 
47313.343144841914 -23243723.17262178 
361.31198114359455 -239636.14855259503 
1218.8629515797538 116695.62780214136 
-757.5409750398213 -789182.6330613228 
-202.54035088716446 43354.74648799936 
4.737071791527912 342.0618287022417 
51432.179439729465 24945065.76605916 
99218.61696949738 -8871129.94104653 
15064.411746530117 -125.04055188057148 