3057.5911522973265 -262949.4485245647 
1558.6840665231343 -162093.18878177376 
4079.1688779295887 -946040.9295733718 
-6252.841892072102 584849.6602695927 
32263.337911785333 434150.5361764623 
-22.668976213225562 12960.011994609826 
2291.1315479957693 6505.550413423638 
-433.5656383727472 3557.8810541381163 
150153.52697066776 9342109.276302993 
3811.278995049315 1476809.4697567776 
392.29985760152044 1042923.6662031474 
46862.45480493618 -23663166.263780493 
-383.68376701275844 -242197.51983138395 
1033.6567749602816 118635.99924117819 
-645.1179255489782 -803082.4785167073 
219.63996365375738 43839.135932752244 
309.16585579765655 -143.64858454921264 
66325.56058492868 25365836.56362144 
124685.32832906075 -9016067.12934752 
18064.552015188627 -6.893807591324905 