3031.2957565094953 -263286.96058214613 
1538.0542669317344 -162351.5657042579 
4051.460665948193 -947276.040109602 
-6216.158599315936 585619.1290490457 
32119.424160256218 434713.1476870735 
85.45146512493368 12934.938375791902 
2266.5204806140287 6514.172330786278 
-421.69730266154374 3578.878816604139 
148776.94746063472 9353671.066914245 
3782.804500169546 1478850.9758282986 
385.0817499869536 1044474.8956805371 
45960.67812512471 -23696626.111508254 
79.86914295119448 -242227.13106004047 
1011.8678130050496 118790.7867064005 
-631.8916844324084 -804191.2980971938 
188.1553300269768 44316.07323220124 
-518.8804366989565 50.635580751252355 
67228.18974524378 25399402.32525034 
123308.74933665192 -9027629.070294607 
17918.20370940041 -76.39189246735219 