2492.240142858955 -263459.73461162235 
1156.4029744908366 -162483.83008124382 
3594.2751682551616 -947908.299074577 
-5684.250854351524 586013.0237813848 
30320.502266142284 435001.1511984578 
140.79883390518347 12671.665378203428 
2057.326407869265 6518.585931340905 
-344.55312053873024 3589.6276711997907 
142582.339665486 9359589.602584291 
3711.6182629701225 1479896.0325077677 
381.47269617967015 1045268.9774368199 
47313.343144841914 -23713754.366892703 
317.16408495655133 -242064.2693024296 
1175.2850276692898 118870.02314693097 
-757.5409750398213 -804758.9081205381 
126.61718248372378 44144.67389021176 
4.737071791552667 342.06182870198074 
53237.437760359666 25416584.798465133 
99218.61696949738 -9033547.682922283 
15064.411746530168 -125.04055188057133 