3005.000360721664 -263624.4726397276 
1517.4244673403346 -162609.94262674203 
4023.752453966797 -948511.1506458323 
-6179.47530655977 586388.5978284988 
31975.510408727103 435275.7591976847 
193.57190646309712 12909.864756973988 
2241.9094132322894 6522.794248148769 
-409.82896695034395 3599.8765790699867 
147400.36795060168 9365232.857525498 
3754.3300052897766 1480892.4818998196 
377.8636423723867 1046026.1251579268 
45058.90144531324 -23730085.959236015 
366.8304681669749 -242671.29948988825 
1033.6567749602816 118945.57417162281 
-645.1179255489782 -805300.1176776803 
67.9412743610872 44301.16894159346 
309.1658557976602 -100.47432559353221 
66325.56058492868 25432968.08687924 
121932.17034424309 -9039191.011241695 
17771.855403612197 159.9015961111407 