2439.6493512832926 -266505.3791312264 
1115.1433753080369 -164815.37421508878 
3538.858744292371 -959053.7012943692 
-5684.250854351524 592956.5634816876 
30320.502266142284 440078.050306116 
30.104096344679988 12571.370902931665 
2057.3264078692273 6596.3884713444195 
165.78531504323323 3757.6097709231235 
142582.339665486 9463920.9988144 
3768.567252729661 1498318.1944388736 
395.9089114088039 1059266.9767685034 
49116.89650446485 -24015689.659483686 
140.57250020837884 -242863.77247615563 
1175.2850276692898 120266.79574977039 
-783.9934572729609 -814764.6848111188 
126.61718248372384 44696.13264269966 
-238.8059554133236 -413.4877030218654 
53237.437760359666 25719475.83792592 
96465.45898467972 -9137880.435754335 
14771.715134953767 0.05600089627790671 