3057.5911522973265 -267690.68933344696 
1558.6840665231343 -165722.76935952713 
4079.1688779295896 -963391.291868035 
-6252.841892072102 595658.8645523859 
32263.337911785333 442053.8883493339 
111.19442734829323 12107.508954799543 
2291.131547995753 6626.667823980575 
-409.82896695037533 3810.8540971740103 
147400.36795060168 9504524.906318203 
3811.278995049315 1505487.7693329055 
392.29985760152044 1064714.7469569554 
46862.45480493618 -24133197.458051417 
388.9044162604966 -242789.74440451432 
990.0788510498176 120810.39458596779 
-645.1179255489782 -818658.7535759226 
-266.9407378510339 45031.479181374736 
309.16585579769094 -143.64858454908978 
68130.81890555889 25837355.59602741 
124685.32832906075 -9178484.871223273 
18064.552015188678 -6.893807591324834 