2978.704964933833 -269048.77356514375 
1496.7946677489347 -166762.4288809514 
4051.4606659481938 -968361.1414066758 
-6216.158599315936 598755.0603554233 
32119.424160256218 444317.7299039361 
-241.48415511180474 12934.938375791986 
2266.5204806140164 6661.360777167869 
-421.69730266157603 3854.34946228017 
148776.94746063472 9551047.34949205 
3839.7534899290845 1513702.4009064066 
399.5179652160873 1070956.5989016902 
47764.231484747645 -24267833.512003597 
-350.57284487247597 -244832.91918181416 
1055.4457369155136 121433.22986269566 
-684.7966488986875 -823120.4323640707 
216.77772423314107 45076.19205319808 
284.8115530772131 -122.06145507123766 
67228.18974524378 25972417.8273437 
120555.59135183426 -9225007.919319887 
17625.507097824036 201.60044703675698 