174.7257320449981 248.72430246662248 
89.5723739926962 104.47877618868628 
-163.87600254371006 23.794417694333553 
-215.65079901627072 195.65178227525516 
218.04014737745769 6.41438823193605 
163.51389155409467 71.95430905360143 
22.602834632348774 222.7934895927106 
-38.967940384306715 13.550088116635186 
100.75345507585344 -221.32456327125882 
-185.90510938484283 1.3816346873746606 
226.79033072856618 -101.36976730603935 
-15.02151274448021 -52.29305889690274 
143.74877036523628 -197.60403049997635 
235.84040954288056 148.35851343400856 
241.32284275120867 146.24291329405654 
118.59174537676341 -12.380410966575756 
168.3256193960252 -67.93730149361642 
-130.20469694871977 73.9610695511926 
186.80699604225418 -133.09609008263672 
73.83956188893049 11.593313131451325 