3031.2957565094953 -272094.4180847478 
1538.0542669317344 -169093.97301479636 
4051.4606659481947 -979506.5436264679 
-6289.525184828269 605698.600055726 
32407.251663314448 449394.6290115943 
-213.166896666075 12082.435335981601 
2315.7426153775205 6739.16331714543 
-445.433974084024 4001.8337462604345 
148776.94746063472 9655378.74572216 
3896.702479688623 1532124.5628375125 
399.5179652160873 1084954.5982333736 
47764.231484747645 -24569768.80459458 
-74.6484937034565 -242878.57809048388 
1011.8678130050496 122830.00246553509 
-658.344166665548 -833126.2090546513 
216.77772423314113 45746.88513054823 
-518.8804366989683 50.635580751266765 
69033.44806587399 26275308.866804484 
123308.74933665192 -9329340.672151938 
17918.203709400506 104.30312821031879 