2465.944747071124 -273279.72828696837 
1135.7731748994368 -170001.3681592347 
3566.5669562737676 -983844.1342001337 
-5720.9341471076905 608400.9011264243 
30464.4160176714 451370.4670548122 
27.52980012233463 12546.297284113725 
2032.715340487455 6769.442669771513 
-332.68478482751414 4075.5758882508117 
141205.76015545297 9695982.653225962 
3797.0417476094303 1539294.1377315444 
388.690803794237 1090402.3684218256 
48215.11982465338 -24687276.60316231 
151.6094742551394 -243071.05107675126 
1109.9181418035937 123373.60130173249 
-770.7672161563911 -837020.2778194551 
-116.67316826867166 46052.423088007745 
-214.45165269283075 -391.9005735437572 
55945.32524130498 26393188.624905977 
100595.19596190621 -9369945.107620876 
15210.76005231849 69.55408577230511 