2439.6493512832926 -273617.2403445498 
1115.1433753080369 -170259.74508171884 
3594.2751682551634 -985079.244736364 
-5757.617439863857 609170.3699058774 
30608.329769200514 451933.0785654234 
135.650241460453 12571.370902931678 
2057.326407869201 6778.0645871290635 
165.78531504350127 4075.0759415254574 
142582.339665486 9707544.443837214 
3825.5162424891996 1541335.6438030654 
395.9089114088039 1091953.5978992153 
49116.89650446485 -24720736.45089007 
-311.9434357088134 -243100.66230540778 
1131.7071037588257 123528.3887669548 
-783.9934572729609 -838129.0973999416 
-236.88722393456126 46037.518797399964 
4.73707179159191 342.061828701669 
55042.696080989874 26426754.386534877 
99218.61696949738 -9381507.048567964 
15064.411746530277 13.95561787148328 