2492.240142858955 -276662.88486415386 
1156.4029744908366 -172591.2892155638 
3594.2751682551643 -996224.6469561561 
-5830.9840253761895 616113.9096061802 
30896.157272258744 457009.97767308156 
24.955503899991626 12721.812615839659 
2106.5485426326823 6855.867127082991 
165.78531504356033 4139.569069097422 
142582.339665486 9811875.840067323 
3882.465232248738 1559757.8057341713 
410.3451266379376 1105951.5972308987 
50920.44986408779 -25022671.743481055 
162.6464483019 -240672.5415555732 
1131.7071037588257 124925.16136979422 
-783.9934572729609 -848134.8740905223 
-231.1627450933284 46588.977549887866 
-190.09734997233943 -413.4877030214437 
56847.95440162008 26729645.425995663 
101971.77495431504 -9485839.801400015 
15357.108358106743 111.25293669792147 