3031.2957565094953 -277510.683008793 
1538.0542669317344 -173240.307437518 
4051.4606659481956 -999327.1269935917 
-6362.891770340601 618046.7418974254 
32695.079166372678 458423.20420568826 
219.31486868633914 12182.729811253725 
2266.5204806140596 6877.524562343878 
397.2178614123683 4137.319308833282 
146023.78844056863 9840917.956959873 
3896.702479688623 1564885.8745566823 
385.0817499869536 1109848.137941961 
45960.67812512471 -25106719.694321025 
101.94309104471567 -240035.90013945804 
924.7119651841215 125313.97274076931 
-631.8916844324084 -850920.1232748396 
-23.650387098638035 46879.6112167396 
-518.8804366989848 50.63558075126618 
72643.96470713441 26813959.422468256 
128815.06530628723 -9514882.295921866 
18503.59693255344 -48.59265851694117 