2978.704964933833 -278185.7071239559 
1496.7946677489347 -173757.06128248628 
3996.044241985404 -1001797.3480660522 
-6289.525184828269 619585.6794563315 
32407.251663314448 459548.42722691066 
3.073986010148506 12232.877048889633 
2217.2983458505532 6894.768397052744 
-113.12057417006204 4115.821599642518 
143270.62942050255 9864041.538182378 
3896.702479688623 1568968.8866997242 
385.0817499869536 1112950.5968967404 
45960.67812512471 -25173639.389776547 
-74.64849370345678 -240568.90225527537 
924.7119651841215 125623.54767121394 
-658.344166665548 -853137.7624358126 
216.77772423314119 46909.41979795516 
-518.8804366989955 50.63558075126875 
70838.7063865042 26881090.945726056 
126061.90732146957 -9538006.17781604 
18210.90032097701 -187.58882826899566 