2492.240142858955 -279033.505268595 
1156.4029744908366 -174406.07950444048 
3594.2751682551643 -1004899.8281034877 
-5830.9840253761895 621518.5117475768 
31183.984775316974 460961.65375951736 
-268.51426544620534 12395.855571206337 
2106.5485426326863 6916.425832310569 
-166.52808487054978 4105.0727450472195 
142582.339665486 9893083.655074928 
3939.4142220082767 1574096.9555222353 
410.3451266379376 1116847.1376078026 
50920.44986408779 -25257687.340616517 
162.64644830189988 -239458.48118065592 
1131.7071037588257 126012.35904218903 
-783.9934572729609 -855923.0116201299 
9.265366238450824 47229.862046022456 
-43.97153364937995 342.06182870154356 
56847.95440162008 26965404.94219865 
101971.77495431503 -9567048.672337892 
15649.804969683202 125.15255367312697 