2978.704964933833 -280556.327528397 
1496.7946677489347 -175571.85157136296 
3996.044241985404 -1010472.5292133838 
-6289.525184828269 624990.2815977281 
32407.251663314448 463500.10331334645 
190.99761024061314 12834.64390052054 
2217.2983458505637 6955.327102272464 
112.37780434306349 4128.820214502093 
143270.62942050255 9945249.353189982 
3896.702479688623 1583308.0364877882 
385.0817499869536 1123846.1372736443 
45960.67812512471 -25408654.98691201 
-74.6484937034569 -239354.8418803581 
924.7119651841215 126710.74534360874 
-658.344166665548 -860925.8999654202 
-23.650387098638035 47609.921456520875 
284.8115530772935 -122.06145507107654 
70838.7063865042 27116850.461929042 
126061.90732146957 -9619215.048753917 
18210.900320977034 -201.48844524420107 