2439.6493512832926 -283099.7219623144 
1115.1433753080369 -177518.90623722557 
3538.8587442923726 -1019779.9693256904 
-5830.9840253761895 630788.7784714638 
31183.984775316974 467739.78291116655 
-80.59064121573896 12621.518140567927 
2057.3264078691855 7020.299408030628 
142.04864362113062 4118.071359906664 
139829.18064541992 10032375.703867633 
3939.4142220082767 1598692.2429553212 
395.9089114088039 1135535.759406831 
49116.89650446485 -25660798.83943192 
-311.94343570881387 -238303.64326305166 
1088.1291798483617 127877.17945653401 
-783.9934572729609 -869281.6475183722 
-202.54035088716424 48422.20529464495 
4.737071791618804 342.06182870144863 
56847.95440162008 27369792.451346822 
104724.93293913269 -9706342.53231947 
15649.804969683246 -13.843616078927509 