2465.944747071124 -283437.23401989584 
1135.7731748994368 -177777.2831597097 
3566.5669562737685 -1021015.0798619207 
-5867.667318132356 631558.2472509169 
31327.89852684609 468302.39442177775 
27.529800122313144 12646.591759385881 
2081.9374752509416 7028.92132538143 
331.9420150006651 4104.572798321803 
141205.76015545297 10043937.494478885 
3967.888716888046 1600733.7490268422 
403.12701902337074 1137086.9888842208 
50018.67318427632 -25694258.68715968 
-124.31487691388054 -237533.75131798215 
1109.9181418035937 128031.96692175632 
-797.2196983895307 -870390.4670988587 
-82.32629522127462 48437.10958525273 
-214.45165269283652 -391.9005735433936 
55945.32524130498 27403358.21297572 
103348.35394672386 -9717904.473266557 
15796.153275471466 -55.542467004543795 