2439.6493512832926 -285470.34236675553 
1115.1433753080369 -179333.69652610226 
3538.8587442923726 -1028455.150473022 
-5904.350610888522 636193.3806128604 
31183.984775316974 471691.45899760234 
-157.81952788573918 12446.002808842388 
2057.3264078691836 7080.858113228547 
-142.79141344814005 4126.570454237931 
139829.18064541992 10113583.518875238 
3939.4142220082767 1613031.3927433852 
395.9089114088039 1146431.299783735 
49116.89650446485 -25895814.43656738 
-311.943435708814 -237089.58288813438 
1088.1291798483617 128964.37712892881 
-783.9934572729609 -877069.7850479798 
-113.81092884805518 48511.631038291634 
-238.8059554133324 -413.4877030211073 
56847.95440162008 27605551.96754981 
104724.93293913269 -9787551.403257346 
15649.804969683271 0.05600089627805049 