181.53173384749644 244.8047274910928 
100.94744605669676 115.84275617256499 
-145.75401514194945 21.806831998823935 
-223.20272598054376 171.91567985056324 
223.41407571057294 17.324292301423657 
174.870223819112 71.93221755059623 
34.005652608882926 228.48810380523398 
-38.95114659418311 24.923547838494418 
100.56938892866172 -221.24411027416636 
75.78174137393424 -275.7595691793074 
226.90185668750811 -89.96338393924968 
-15.034510838217509 -40.829353297835 
-215.53997807635983 -41.03662727232724 
28687236.48642639 -4312910191.513993 
-28686759.55786819 4312910497.517515 
122.97492422690266 -13.635053458594903 
177.43070629848268 -57.11160434245874 
-124.4894358998728 73.87105758014344 
192.62946365317504 -121.58715770580328 
75.83718341568361 11.025393877641003 