3031.2957565094953 -288688.7609158358 
1538.0542669317344 -181797.50503693314 
4051.4606659481956 -1040232.8116577892 
-6509.624941365267 643530.8150455023 
33558.56167554737 477056.36161664483 
-102.47215910552931 12032.28809834626 
2315.7426153775923 7163.0742536606995 
-89.38390274765683 4094.323890451812 
148776.94746063472 10223833.450775392 
4067.5494489672387 1632498.6113539601 
399.5179652160873 1161223.3808717013 
47764.231484747645 -26214877.984542813 
-74.64849370345729 -234439.3779233759 
968.2898890945855 130440.3861722987 
-658.344166665548 -887643.1717619047 
-175.34907639130813 49264.29771398458 
284.8115530773493 -122.06145507096302 
70838.7063865042 27925625.480225388 
131568.2232911048 -9897802.768717073 
19088.99015570643 90.40351123511351 