2492.240142858955 -290886.6072908007 
1156.4029744908366 -183480.0309488239 
3594.2751682551643 -1048275.7338401458 
-6051.0837819131875 648541.5224545598 
31759.639781433434 480720.0341916963 
246.34497902066605 12621.518140568236 
2106.54854263266 7219.219358291267 
165.78531504359574 4139.569069097491 
142582.339665486 10299122.730112951 
4053.312201527354 1645792.704462555 
410.3451266379376 1171324.8394923224 
50920.44986408779 -26432765.326293826 
162.6464483018993 -233388.17930606948 
1131.7071037588257 131448.34740416158 
-783.9934572729609 -894863.6992681681 
126.61718248372412 49793.40003056081 
-190.0973499723409 -413.4877030209125 
56847.95440162008 28144202.52321358 
110231.24890876783 -9973093.027027274 
16235.198192836186 111.25293669792177 