3031.2957565094953 -291059.38132027694 
1538.0542669317344 -183612.29532580983 
4051.4606659481956 -1048907.9928051208 
-6582.991526877599 648935.4171868989 
33558.56167554737 481008.0377030806 
219.31486868616025 12082.435335982178 
2315.7426153775987 7223.632958837825 
88.64113292065647 4150.317923692895 
148776.94746063472 10305041.265782997 
4124.498438726777 1646837.761142024 
399.5179652160873 1172118.9212486052 
47764.231484747645 -26449893.581678275 
-74.6484937034574 -233225.3175484586 
968.2898890945855 131527.58384469175 
-658.344166665548 -895431.3092915124 
65.07903494047112 49964.7993725503 
-518.8804366990595 50.63558075126848 
70838.7063865042 28161384.996428374 
134321.38127592232 -9979011.63965495 
19088.990155706448 104.30312821031902 