3005.000360721664 -293092.48966713663 
1517.4244673403346 -185168.70869220237 
4023.7524539667997 -1056348.0634162207 
-6546.308234121433 653570.5505488424 
33702.47542707648 484397.1022789052 
-133.36371377350036 12960.011994610646 
2291.131547995825 7275.569746661488 
76.77279720943285 4107.822452036651 
147400.36795060168 10374687.29017935 
4152.972933606546 1659135.404858567 
406.73607283065417 1181463.2321481195 
48666.00816455911 -26651449.331085976 
112.98006509147571 -232781.14911861083 
990.0788510498176 132459.99405186065 
-671.5704077821177 -902110.6272406335 
96.56366856725174 50158.55515045145 
-543.2347394195739 72.22271022904346 
69936.0772261891 28363578.75100246 
132944.80228351336 -10048658.569645738 
19235.33846149467 -159.78959431858442 