2492.240142858955 -293257.22769524186 
1156.4029744908366 -185294.82123770058 
3594.2751682551643 -1056950.9149874758 
-6051.0837819131875 653946.1245959564 
32047.467284491664 484671.7102781321 
-80.59064121568208 12721.812615840063 
2106.54854263264 7279.778063461148 
-166.52808487059355 4105.0727450471395 
142582.339665486 10380330.545120556 
4110.261191286892 1660131.854250619 
410.3451266379376 1182220.3798692264 
50920.44986408779 -26667780.923429288 
162.6464483018992 -232174.1189311522 
1131.7071037588257 132535.5450765522 
-783.9934572729609 -902651.8367977757 
155.23957668988834 50315.05020183315 
-43.97153364934979 342.06182870121114 
56847.95440162008 28379962.039416566 
110231.24890876765 -10054301.89796515 
16527.894804412626 125.15255367312719 