2518.5355386467863 -293594.7397528233 
1177.0327740822365 -185553.19816018472 
3621.98338023656 -1058186.0255237059 
-6087.767074669354 654715.5933754095 
32191.38103602078 485234.3217887433 
27.529800122293626 12746.886234658019 
2131.1596100144 7288.399980806693 
153.91697933236938 4097.073597441303 
143958.91917551905 10391892.335731808 
4081.786696407123 1662173.36032214 
403.12701902337074 1183771.609346616 
50018.67318427632 -26701240.77115705 
-300.9064616620536 -232144.50770249567 
1109.9181418035937 132690.3325417739 
-770.7672161563911 -903760.6563782622 
246.8312381496138 50449.188817303184 
-214.45165269284206 -391.90057354303406 
57750.583561935186 28413527.801045466 
111607.82790117645 -10065863.838912237 
16674.243110200845 -194.538636756598 