3057.5911522973265 -293767.51378229953 
1558.6840665231343 -185685.46253717065 
4079.1688779295914 -1058818.2844886808 
-6619.674819633766 655109.4881077486 
33702.47542707648 485522.3253001276 
82.87716890245107 12960.011994610646 
2291.1315479958266 7292.813581352569 
100.50946863187228 4107.822452036687 
147400.36795060168 10397810.871401854 
4096.023943847008 1663218.417001609 
392.29985760152044 1184565.691102899 
46862.45480493618 -26718369.026541498 
-361.60981891923797 -231507.8662863805 
946.5009271393535 132769.56898230407 
-645.1179255489782 -904328.2664016065 
185.29309060636078 50620.58815929267 
-543.234739419576 72.2227102290407 
71741.3355468193 28430710.27426026 
135697.96026833093 -10071782.451539913 
19528.035073071107 -20.79342456652992 