2978.704964933833 -295125.5980139963 
1496.7946677489347 -186725.12205859492 
3996.044241985404 -1063788.1340273207 
-6582.991526877599 658205.6839107859 
33558.56167554737 487786.1668547298 
3.0739860101499517 12132.582573618098 
2266.5204806140587 7327.506534479418 
-397.9606312393731 4129.820107952828 
146023.78844056863 10444333.314575702 
4124.498438726777 1671433.04857511 
399.5179652160873 1190807.5430476337 
47764.231484747645 -26853005.080493677 
-350.5728448724772 -231596.69997235006 
968.2898890945855 133392.40425902954 
-684.7966488986875 -908789.9451897546 
-264.0784984304171 50754.7267747627 
-518.880436699089 50.63558075127102 
69033.44806587399 28565772.505576547 
134321.381275922 -10118305.499636527 
19088.990155706455 215.50006401196265 