2518.5355386467863 -295965.36015726445 
1177.0327740822365 -187367.9884490614 
3621.98338023656 -1066861.2066710358 
-6161.1336601816865 660120.1955168061 
32191.38103602078 489185.9978751791 
-265.93996922354296 12320.634714752783 
2131.159610014375 7348.95868596815 
-154.65974915937846 4147.568216703355 
143958.91917551905 10473100.150739413 
4138.735686166661 1676512.5101102039 
403.12701902337074 1194667.14972352 
50018.67318427632 -26936256.36829251 
-300.9064616620537 -230930.44732757838 
1109.9181418035937 133777.53021416452 
-770.7672161563911 -911548.7939078698 
35.025521023998785 50881.41324492884 
-19.617230928845466 320.47469922337797 
57750.583561935186 28649287.317248452 
114360.98588599391 -10147072.709850114 
16674.24311020085 -180.63901978139228 