3005.000360721664 -297833.7304760189 
1517.4244673403346 -188798.28926995574 
4023.7524539667997 -1073698.4257108807 
-6619.674819633766 664379.7548316356 
33990.30293013471 492300.4544517768 
216.7405724637157 12057.361717164224 
2291.131547995806 7396.687156980482 
76.77279720943436 4107.8224520366175 
147400.36795060168 10537102.920194559 
4209.921923366083 1687813.704434695 
406.73607283065417 1203254.3129019274 
48666.00816455911 -27121480.5253569 
112.98006509147548 -230353.02836877626 
990.0788510498176 134634.38939664187 
-671.5704077821177 -917686.9022998487 
-172.48683697069157 51142.23833056501 
-543.234739419603 72.22271022903354 
69936.0772261891 28835097.783408433 
135697.9602683306 -10211076.311521491 
19528.03507307111 -159.7895943185842 