3057.5911522973265 -298508.7545911818 
1558.6840665231343 -189315.04311492402 
4079.1688779295914 -1076168.6467833407 
-6693.041405146098 665918.6923905418 
33990.30293013471 493425.6774729992 
0.49968978781910584 12057.361717164224 
2291.131547995799 7413.93099166773 
100.50946863187538 4107.822452036642 
147400.36795060168 10560226.501417063 
4152.972933606546 1691896.716577737 
392.29985760152044 1206356.7718567068 
46862.45480493618 -27188400.22081242 
-361.6098189192382 -229079.74553654593 
946.5009271393535 134943.9643270853 
-645.1179255489782 -919904.5414608218 
-143.8644427645274 51291.28123664282 
-543.2347394196053 72.22271022903101 
71741.3355468193 28902229.306666233 
138451.11825314816 -10234200.193415666 
19820.731684647548 -20.79342456652983 