2978.704964933833 -299866.8388228786 
1496.7946677489347 -190354.7026363483 
3996.044241985404 -1081138.4963219806 
-6656.358112389932 669014.8881935792 
33846.3891786056 495689.5190276014 
-135.93800999575095 12934.938375792755 
2266.520480614045 7448.62394478727 
-397.9606312393927 4129.820107952841 
146023.78844056863 10606748.944590911 
4181.4474284863145 1700111.348151238 
399.5179652160873 1212598.6238014416 
47764.231484747645 -27323036.2747646 
-350.57284487247745 -229168.5792225155 
968.2898890945855 135566.79960381077 
-684.7966488986875 -924366.2202489699 
188.15533002697725 51768.218536091816 
-518.8804366991153 50.63558075126919 
69033.44806587399 29037291.53798252 
137074.53926073923 -10280723.24151228 
19381.686767282892 215.50006401196254 