2439.6493512832926 -302064.68519784353 
1115.1433753080369 -192037.22854823904 
3538.8587442923726 -1089181.4185043357 
-6124.45036742552 674025.5956026367 
32335.294787549894 499353.1916026529 
-52.27338276996267 12446.002808842639 
2057.3264078691027 7504.7690493879945 
142.04864362115757 4118.071359906648 
139829.18064541992 10682038.22392847 
4167.21018104643 1713405.4412598328 
395.9089114088039 1222700.0824220628 
49116.89650446485 -27540923.616515614 
-311.9434357088148 -228591.16026371336 
1088.1291798483617 136574.76083567122 
-783.9934572729609 -931586.7477552332 
37.8877604446152 52178.0865278058 
4.7370717916691865 342.0618287010043 
56847.95440162008 29255868.580970712 
115737.56487840222 -10356013.49982248 
16820.591415989067 -13.843616078927125 