3005.000360721664 -302574.9712849012 
1517.4244673403346 -192427.8698477091 
4023.7524539667997 -1091048.7880055406 
-6693.041405146098 675188.9591144288 
34278.13043319294 500203.8066246484 
-215.7411928879376 12157.6561924361 
2291.1315479958307 7517.804567274427 
76.7727972094355 4107.82245203661 
147400.36795060168 10699518.550209768 
4266.870913125621 1716492.0040108229 
406.73607283065417 1225045.3936557353 
48666.00816455911 -27591511.719627824 
112.98006509147525 -227924.90761894168 
990.0788510498176 136808.7847414231 
-671.5704077821177 -933263.177359064 
219.63996365375783 52021.591476424095 
-543.2347394196319 72.22271022902417 
69936.0772261891 29306616.815814406 
138451.1182531478 -10373494.053397244 
19820.731684647548 -159.78959431858414 