2465.944747071124 -306468.41394914436 
1135.7731748994368 -195408.43220350827 
3566.5669562737685 -1105296.6702627656 
-6234.500245694019 684065.3311059768 
32479.20853907901 506693.9322649133 
-188.71108255339388 12596.44452175044 
2032.7153404873843 7617.264542321944 
-178.3964205818267 4126.070507512494 
138452.60113538688 10832892.063332427 
4195.684675926199 1740042.2347644398 
388.690803794237 1242939.933698481 
48215.11982465338 -27977494.963058777 
151.6094742551378 -226133.42828522227 
1066.3402178931296 138594.36871523072 
-770.7672161563911 -946054.203233962 
6.403126817834646 52923.301058194855 
-214.45165269285545 -391.900573542589 
57750.583561935186 29693821.851747785 
119867.30185562834 -10506869.300751146 
17259.636333353723 97.3533197227167 