2439.6493512832926 -306805.9260067258 
1115.1433753080369 -195666.8091259924 
3538.8587442923726 -1106531.7807989956 
-6197.816952937853 684834.7998854299 
32623.122290608124 507256.5437755245 
-80.59064121557752 12621.518140568402 
2057.326407869145 7625.886459662936 
142.0486436211588 4118.071359906587 
139829.18064541992 10844453.85394368 
4224.159170805968 1742083.7408359607 
395.9089114088039 1244491.1631758707 
49116.89650446485 -28010954.810786538 
-311.943435708815 -226163.0395138788 
1088.1291798483617 138749.15618045244 
-783.9934572729609 -947163.0228144485 
-113.81092884805496 52908.39676758707 
4.737071791681506 342.0618287008941 
56847.95440162008 29727387.613376684 
118490.72286321947 -10518431.241698233 
17113.288027565504 -13.843616078926816 