2518.5355386467863 -308164.0102384226 
1177.0327740822365 -196706.46864741668 
3621.98338023656 -1111501.6303376355 
-6307.866831206352 687930.9956884673 
32767.03604213724 509520.3853301267 
166.54179612805282 12420.92919002475 
2081.937475250922 7660.579412772024 
-154.6597491593973 4104.572798321621 
141205.76015545297 10890976.297117528 
4195.684675926199 1750298.3724094618 
388.690803794237 1250733.0151206055 
48215.11982465338 -28145590.864738718 
-124.31487691388173 -224119.86473657895 
1066.3402178931296 139371.9914571779 
-744.3147339232515 -951624.7016025966 
35.02552102399884 53325.716904604946 
-19.617230928818156 320.47469922311285 
59555.84188256539 29862449.84469297 
122620.45984044585 -10564954.289794847 
17552.33294493016 222.44987249956552 