2518.5355386467863 -310189.0825839113 
1177.0327740822365 -198256.7301823215 
3621.98338023656 -1118912.2935550157 
-6381.233416718685 692547.8083651857 
33054.86354519547 512896.05439379386 
-78.01634499321912 12746.886234658252 
2131.1596100144634 7712.310916814171 
-154.65974915939455 4147.568216703345 
143958.91917551905 10960347.04078504 
4309.582655445274 1762547.4088385876 
403.12701902337074 1260040.3919849438 
50018.67318427632 -28346349.95110528 
-300.90646166205437 -223646.08507807466 
1109.9181418035937 140300.7162485082 
-770.7672161563911 -958277.6190855156 
-234.0249845139445 53504.56839189832 
-19.617230928814546 320.47469922307073 
57750.583561935186 30063844.41446637 
122620.45984044568 -10634325.935477372 
17552.33294493016 -180.63901978139185 