3005.000360721664 -312057.45290266577 
1517.4244673403346 -199687.03100321584 
4023.7524539667997 -1125749.5125948605 
-6839.774576170764 696807.3676800153 
34853.7854393094 516010.51097039157 
5.648282232480456 12057.361717164342 
2291.131547995916 7760.039387802745 
76.77279720943608 4107.822452036437 
147400.36795060168 11024349.810240187 
4380.768892644696 1773848.6031630787 
406.73607283065417 1268627.5551633511 
48666.00816455911 -28531574.10816967 
112.9800650914748 -223068.66611927253 
990.0788510498176 141157.57543098554 
-671.5704077821177 -964415.7274774945 
185.29309060636095 54346.660811237954 
-543.2347394196871 72.22271022900672 
69936.0772261891 30249654.88062635 
143957.43422278226 -10698329.53714875 
20406.124907800422 -159.78959431858365 