3057.5911522973265 -312732.47701782867 
1558.6840665231343 -200203.78484818412 
4079.1688779295914 -1128219.7336673206 
-6913.1411616830965 698346.3052389214 
34853.7854393094 517135.73399161396 
-210.59260044299438 12057.361717164416 
2291.131547995916 7777.283222482005 
100.50946863187984 4107.8224520364565 
147400.36795060168 11047473.391462691 
4323.819902885159 1777931.6153061206 
392.29985760152044 1271730.0141181306 
46862.45480493618 -28598493.803625192 
-361.6098189192389 -221795.3832870422 
946.5009271393535 141467.15036142897 
-645.1179255489782 -966633.3666384675 
-55.13502072541825 54376.46939245352 
-543.2347394196896 72.22271022900392 
71741.3355468193 30316786.40388415 
146710.59220759984 -10721453.419042924 
20698.82151937686 -20.793424566529325 