2465.944747071124 -313580.2751624678 
1135.7731748994368 -200852.80307013832 
3566.5669562737685 -1131322.2137047555 
-6307.866831206352 700279.1375301667 
32767.03604213724 518548.96052422066 
-78.01634499317768 12546.297284114708 
2032.7153404874255 7798.940657703833 
177.65365075481301 4118.5713066319295 
138452.60113538688 11076515.508355241 
4252.633665685737 1783059.6841286316 
388.690803794237 1275626.5548291928 
48215.11982465338 -28682541.754465163 
151.60947425513746 -222491.2471604704 
1066.3402178931296 141855.96173240256 
-770.7672161563911 -969418.6158227848 
-205.40259030778026 54696.91164052081 
-19.617230928804357 320.47469922299894 
57750.583561935186 30401100.400356743 
122620.45984044539 -10750495.913564775 
17552.33294493016 83.4537027475113 