3005.000360721664 -318148.74194187386 
1517.4244673403346 -204350.11927090577 
4023.7524539667997 -1148040.3170344406 
-6913.1411616830965 710694.4470806208 
34853.7854393094 526164.3091856999 
221.88916490784163 12157.656192436369 
2241.9094132324085 7915.644467399432 
-77.51556703646095 4115.321652916985 
144647.2089305356 11233012.602700405 
4323.819902885159 1810692.9270252904 
377.8636423723867 1296623.553826718 
45058.90144531324 -29135444.693351638 
388.9044162604942 -219900.26465302496 
902.9230032288895 143951.12063665362 
-645.1179255489782 -984427.2808586558 
191.0175694475939 55568.81264107601 
-543.2347394197226 29.04845127353501 
71741.3355468193 30855436.959547922 
149463.750192417 -10906995.042812852 
20698.82151937686 118.20274518552483 