2518.5355386467863 -327128.97347395174 
1177.0327740822515 -211224.79095843254 
3621.98338023656 -1180903.0795162753 
-6601.333173255683 731167.8128196402 
33918.34605437016 541133.7940215415 
-78.01634499299533 12646.591759387275 
2081.9374752509325 8145.049053716472 
-154.65974915940097 4104.572798321542 
141205.76015545297 11540638.817178365 
4423.4806349643495 1865011.5707139734 
388.690803794237 1337897.338135837 
48215.11982465338 -30025715.641822413 
-124.31487691386798 -214407.38173724065 
1066.3402178931296 148069.5728363028 
-744.3147339232515 -1013929.8018394576 
246.83123814961408 57349.875368705856 
-19.617230928775268 320.47469922270795 
59555.84188256539 31748525.97431686 
133633.09177971506 -11214625.257297859 
18723.11939123591 222.4498724995655 