3031.2957565094953 -329664.3319064981 
1538.0542669368403 -213165.69379284733 
4051.4606659481956 -1190181.1122348604 
-7169.924210976261 736947.9890081508 
35861.18170001321 545360.0781071862 
-213.1668966646191 12082.435335983244 
2266.520480614138 8209.816075621464 
397.2178614124547 4137.319308833464 
146023.78844056863 11627489.887127176 
4523.14136704354 1880347.1698940892 
385.0817499869536 1349550.026233848 
45960.67812512471 -30277062.831301186 
101.9430910539653 -213326.5718912761 
924.7119651841215 149232.32153338497 
-631.8916844324084 -1022259.1489262074 
93.70142914663566 57565.98758251868 
-518.8804366992721 50.63558075125922 
72643.96470713441 32000668.778933953 
159099.80313927814 -11301477.456555147 
21723.25965989439 -48.592658516940304 