2978.704964933833 -330339.356021661 
1496.7946678028486 -213682.44763784483 
3996.044241985404 -1192651.3333073205 
-7096.557625463928 738486.9265670569 
35573.35419695498 546485.3011284039 
-135.93800999508468 12834.643900522351 
2217.2983458506146 8227.059910296586 
-113.1205741701128 4115.821599642457 
143270.62942050255 11650613.46834968 
4523.14136704354 1884430.1820371312 
385.0817499869536 1352652.4851886274 
45960.67812512471 -30343982.526756708 
-74.64849389118959 -213859.5740071033 
924.7119651841215 149541.8964638284 
-658.344166665548 -1024476.7880871805 
188.15533002697754 58057.82917257546 
-518.8804366992821 50.635580751262495 
70838.7063865042 32067800.302191753 
156346.6451544605 -11324601.338449322 
21430.563048317952 -187.58882826899443 