2492.240142858955 -338299.01537962357 
1156.402974430151 -219775.8367268547 
3594.2751682551643 -1221779.3567867454 
-6784.749637036514 756633.565282492 
34637.91481201573 559753.5559202617 
246.34497901886004 12621.518140570233 
2106.548542632633 8430.3934608383 
165.78531504360186 4139.569069097822 
142582.339665486 11923279.030265044 
4622.802099122731 1932575.700223834 
410.3451266379376 1389235.6470304015 
50920.44986408779 -31133077.269003063 
162.64644820330037 -209106.97180758681 
1131.7071037588257 153192.30085197382 
-783.9934572729609 -1050626.4498603202 
-85.18853464189036 59689.8489941275 
-190.09734997236106 -413.4877030191856 
56847.95440162008 32859392.847273305 
137762.82875694148 -11597270.445784802 
19162.164308600564 111.25293669792208 