2978.704964933833 -339821.8376394256 
1496.7946678043706 -220941.608793849 
3996.044241985404 -1227352.0578966404 
-7243.2907964885935 760105.3351326433 
36149.00920307144 562292.00547408 
-213.16689666398275 12182.729811255844 
2217.2983458505573 8469.294730730368 
-113.12057417011428 4115.821599642541 
143270.62942050255 11975444.728380099 
4637.039346562616 1941786.781189387 
385.0817499869536 1396234.6466962432 
45960.67812512471 -31284044.915298555 
-74.64849389878151 -209003.33250728593 
924.7119651841215 153890.68715339084 
-658.344166665548 -1055629.3382056095 
70.80351378170451 59950.67407976367 
-518.880436699333 50.635580751262594 
70838.7063865042 33010838.367003698 
161852.96112409577 -11649436.822200827 
22015.956271470826 -187.58882826899443 