2492.240142858955 -341690.20795818005 
1156.402974430151 -222371.90961483147 
3594.2751682551643 -1234189.2769364852 
-6784.749637036514 764364.8944474729 
34637.91481201573 565406.4620506645 
246.34497901859572 12671.665378206464 
2057.326407869085 8517.023201706575 
-320.81644911650983 4118.071359906798 
139829.18064541992 12039447.497835245 
4565.853109363194 1953087.975513878 
381.47269617967015 1404821.8098746506 
47313.343144841914 -31469269.072362944 
339.2380330234541 -207152.6307161989 
1044.5512559378976 154747.5463358682 
-757.5409750398213 -1061767.446597587 
37.88776044461566 60241.3077466154 
-238.80595541339585 -413.48770301905637 
58653.21272225029 33196648.83316368 
140515.98674175912 -11713440.423872204 
19454.860920177 -166.73940280618635 