2439.6493512832926 -347106.47288222524 
1115.143375233276 -226518.2440378086 
3538.8587442923726 -1254009.8603036052 
-6858.116222548847 776713.0362891722 
34925.74231507396 574435.0372447202 
-191.28537877383295 12671.66537820688 
2057.3264078691036 8655.38444660543 
-142.7914134481764 4126.570454238229 
139829.18064541992 12224986.709072959 
4679.751088882269 1985849.287233048 
395.9089114088039 1429715.349583238 
49116.89650446485 -32006219.96208939 
-311.94343600086376 -205524.01314004234 
1088.1291798483617 157231.51661109284 
-783.9934572729609 -1079561.3608177716 
-202.54035088716356 61612.502482531265 
-238.80595541340236 -413.4877030188599 
56847.95440162008 33735299.38882662 
140515.98674175912 -11898982.047642132 
19454.860920177 0.05600089627870746 