3031.2957565094953 -347954.27102686436 
1538.0542670012458 -227167.26225980278 
4051.4606659481956 -1257112.3403410402 
-7463.3905530255915 778645.8685804175 
37012.49171224613 575848.2637773209 
80.30287267924766 12985.085613431658 
2315.742615377571 8677.041881824127 
88.6411329206556 4150.317923693528 
148776.94746063472 12254028.825965509 
4807.886315841229 1990977.356055559 
399.5179652160873 1433611.8902943002 
47764.231484747645 -32090267.91292936 
-74.64849389878194 -204087.8685501588 
968.2898890945855 157620.32798206643 
-658.344166665548 -1082346.6100020884 
99.42590798786867 61441.10314054178 
-518.8804366993696 50.63558075126092 
70838.7063865042 33819613.38529883 
167359.27709373104 -11928024.542163983 
22601.3494946237 104.30312821031939 