2518.5355386467863 -348119.0090549696 
1177.0327740285886 -227293.37480530876 
3621.98338023656 -1257715.1919122953 
-6968.166100817346 779021.4426275315 
35357.48356966131 576122.8717765466 
133.07594523650516 12746.886234660858 
2131.1596100143693 8681.250198620177 
-154.65974915939773 4147.568216703978 
143958.91917551905 12259672.080906715 
4765.174573521575 1991973.8054476108 
403.12701902337074 1434369.038015407 
50018.67318427632 -32106599.50527267 
-300.90646194960414 -204221.11907911708 
1109.9181418035937 157695.87900675798 
-770.7672161563911 -1082887.8195592305 
158.10181611050527 61597.598191923484 
-19.61723092872819 320.4746992222663 
57750.583561935186 33835996.673712865 
144645.72371898557 -11933667.870483395 
19893.905837541657 -180.63901978139177 