3057.5911522973265 -348291.7830844458 
1558.6840665996833 -227425.63918230284 
4079.1688779295914 -1258347.4508772702 
-7500.073845781758 779415.3373598706 
37156.40546377524 576410.8752879297 
188.42331401607802 12960.011994613715 
2291.1315479958107 8685.663799162401 
-101.25223845889933 4136.819362108437 
147400.36795060168 12265590.616576761 
4779.41182096146 1993018.8621270799 
392.29985760152044 1435163.1197716899 
46862.45480493618 -32123727.76065712 
-361.6098192315321 -203584.47766298315 
946.5009271393535 157775.11544728815 
-645.1179255489782 -1083455.4295825746 
219.6399636537583 61426.198849934 
309.1658557982801 -143.64858454784485 
71741.3355468193 33853179.14692758 
168735.85608613986 -11939586.48311107 
22747.69780041192 -34.693041541734864 