2978.704964933833 -349649.8673161426 
1496.7946678043706 -228465.29870379117 
3996.044241985404 -1263317.30041591 
-7390.023967513259 782511.5331629079 
37012.49171224613 578674.7168425223 
-107.62075154878946 12182.729811256435 
2266.5204806140578 8720.356752262134 
397.2178614124227 4114.821706191909 
146023.78844056863 12312113.05975061 
4807.886315841229 2001233.493700581 
399.5179652160873 1441404.9717164247 
47764.231484747645 -32258363.8146093 
-350.5728451802725 -203673.31134895532 
968.2898890945855 158397.95072401362 
-684.7966488986875 -1087917.1083707218 
-175.3490763913075 61843.51898695187 
284.81155307777505 -122.06145507014034 
69033.44806587399 33988241.37824325 
164606.1191089134 -11986109.531207684 
22601.3494946237 229.3996809871682 