2978.704964933833 -352020.48772058374 
1496.7946678043706 -230280.08899277967 
3996.044241985404 -1271992.48156324 
-7463.3905530255915 787916.1353043045 
37012.49171224613 582626.3929289413 
219.314868683472 12082.435335984595 
2266.5204806140464 8780.915457378776 
-397.96063123943355 4129.8201079532455 
146023.78844056863 12393320.874758214 
4807.886315841229 2015572.6434886449 
399.5179652160873 1452300.5120933286 
47764.231484747645 -32493379.411744762 
-350.5728451802726 -202459.25097400224 
968.2898890945855 159485.14839640423 
-684.7966488986875 -1095705.2459003278 
65.07903494047174 62424.78632065534 
-518.8804366993957 50.63558075126535 
69033.44806587399 34224000.894445166 
167359.27709373104 -12067318.40214556 
22601.3494946237 215.50006401196273 