2465.944747071124 -353880.8220379672 
1135.7731748317135 -231704.23798227403 
3566.5669562737685 -1278800.293209365 
-6968.166100817346 792157.373933909 
35357.48356966131 585727.4539933684 
-188.7110825509017 12596.444521753418 
2032.71534048733 8828.43864461659 
-178.39642058183182 4126.070507512917 
138452.60113538688 12457048.36348452 
4765.174573521575 2026825.2305257188 
388.690803794237 1460850.74123656 
48215.11982465338 -32677806.905768014 
151.60947415203992 -201852.2207865257 
1066.3402178931296 160338.32216304296 
-770.7672161563911 -1101816.9538261034 
35.02552102399935 62789.941440545976 
-214.45165269288793 -391.9005735409475 
57750.583561935186 34409012.17580362 
147398.8817038032 -12131046.719508674 
20186.602449118094 97.35331972271672 