2492.240142858955 -354893.35821071157 
1156.402974430151 -232479.3687497742 
3594.2751682551643 -1282505.6248180552 
-7004.849393573512 794465.7802722682 
35789.22482424865 587415.2885251949 
135.65024145839743 12671.665378207454 
2106.548542632601 8854.304396634381 
-166.52808487061745 4105.072745047047 
142582.339665486 12491733.735318277 
4850.598058160882 2032949.7487402817 
410.3451266379376 1465504.4296687292 
50920.44986408779 -32778186.448951297 
162.64644820329954 -200608.54918291522 
1131.7071037588257 160802.6845587081 
-783.9934572729609 -1105143.4125675622 
126.6171824837248 62983.69721844713 
-43.97153364923348 342.06182869979506 
56847.95440162008 34509709.46068986 
146022.30271139438 -12165732.542349936 
20332.950754906313 125.15255367312756 