3005.000360721664 -356078.66841293214 
1517.4244674028082 -233386.76389426846 
4023.7524539667997 -1286843.2153917202 
-7500.073845781758 797168.0813429665 
37156.40546377524 589391.1265684044 
5.64828223251638 12207.803430074677 
2241.909413232274 8884.583749195532 
-77.51556703646314 4115.321652917325 
144647.2089305356 12532337.64282208 
4779.41182096146 2040119.3236343137 
377.8636423723867 1470952.1998571812 
45058.90144531324 -32895694.247519027 
388.90441625412166 -200475.29865395694 
902.9230032288895 161346.2833949034 
-645.1179255489782 -1109037.4813323652 
-266.9407378510329 63319.04375712221 
-543.2347394199368 29.048451273599962 
71741.3355468193 34627589.218790814 
171489.0140709575 -12206336.977818875 
23040.394411988356 118.20274518552482 