2978.704964933833 -356761.728529466 
1496.7946678043706 -233909.66957075667 
3996.044241985404 -1289342.8438579 
-7536.757138537924 798725.3395870978 
37300.31921530436 590529.7451017794 
-213.16689666232028 12182.729811256691 
2266.5204806140373 8902.032867621092 
-397.96063123943185 4129.820107953309 
146023.78844056863 12555736.504773423 
4864.835305600766 2044250.9430647728 
399.5179652160873 1474091.5928471365 
47764.231484747645 -32963410.606015686 
-350.57284518027285 -200031.13022409606 
968.2898890945855 161659.54374118545 
-684.7966488986875 -1111281.5209595398 
-23.650387098637182 63363.75662894555 
-518.8804366994209 50.635580751266986 
69033.44806587399 34695519.92684899 
170112.43507854867 -12229736.144021314 
22894.046106200138 215.50006401196273 