2465.944747071124 -358622.0628468495 
1135.7731748317135 -235333.81856025103 
3566.5669562737685 -1296150.655504025 
-7041.532686329679 802966.5782167022 
35645.31107271954 593630.8061662065 
248.91927523911076 12646.591759389603 
2032.715340487317 8949.55605486361 
-178.39642058183205 4126.0705075129545 
138452.60113538688 12619463.99349973 
4822.123563281113 2055503.5301018467 
388.690803794237 1482641.821990368 
48215.11982465338 -33147838.10003894 
151.6094741520397 -199424.10003661952 
1066.3402178931296 162512.71750782419 
-770.7672161563911 -1117393.2288853154 
-116.67316826867075 63639.4860051895 
-214.4516526928924 -391.90057354078255 
57750.583561935186 34880531.20820744 
150152.03968862083 -12293464.461384427 
20479.29906069453 97.35331972271672 