3031.2957565094953 -359807.37304907007 
1538.0542670012458 -236241.21370474529 
4051.4606659481956 -1300488.24607769 
-7610.123724050257 805668.8792874005 
37875.974221420816 595606.644209416 
-102.47215910352332 12032.288098348765 
2315.7426153775386 8979.835407427614 
-89.38390274767809 4094.3238904513473 
148776.94746063472 12660067.901003532 
4921.784295360304 2062673.1049958786 
399.5179652160873 1488089.59217882 
47764.231484747645 -33265345.89860667 
-74.6484938987825 -198017.56667539338 
968.2898890945855 163056.3163440195 
-658.344166665548 -1121287.2976501184 
-23.650387098637125 63915.21538143345 
284.81155307784144 -122.06145507000134 
70838.7063865042 34998410.9663084 
172865.5930633663 -12334068.896853365 
23479.439329353012 90.40351123511402 