3005.000360721664 -360819.9092218144 
1517.4244674028082 -237016.34447224546 
4023.7524539667997 -1304193.5776863801 
-7573.440431294091 807977.2856257597 
37444.23296683347 597294.4787412424 
-133.36371377098575 12809.570281706587 
2241.9094132322607 9005.70115944939 
-77.51556703646439 4115.321652917361 
144647.2089305356 12694753.272837289 
4836.3608107209975 2068797.6232104416 
377.8636423723867 1492743.280610989 
45058.90144531324 -33365725.44178995 
388.90441625412143 -198047.17790405077 
902.9230032288895 163520.67873968463 
-645.1179255489782 -1124613.7563915772 
191.01756944759435 64362.34409966689 
-543.2347394199656 29.048451273609718 
71741.3355468193 35099108.25119464 
174242.17205577513 -12368754.719694627 
23333.091023564793 118.20274518552482 