3031.2957565094953 -362177.9934535112 
1538.0542670012458 -238056.0039937338 
4051.4606659481956 -1309163.42722502 
-7683.49030956259 811073.4814287971 
37875.974221420816 599558.320295835 
219.31486868227404 12082.43533598489 
2315.742615377546 9040.394112558939 
88.64113292064775 4150.3179236937785 
148776.94746063472 12741275.716011137 
4978.733285119842 2077012.2547839426 
399.5179652160873 1498985.132555724 
47764.231484747645 -33500361.49574213 
-74.64849389878262 -196803.5063004403 
968.2898890945855 164143.5140164101 
-658.344166665548 -1129075.4351797244 
-264.0784984304164 64496.48271513692 
-518.8804366994457 50.63558075126541 
70838.7063865042 35234170.48251031 
175618.75104818394 -12415277.767791241 
23479.439329353012 104.30312821031939 