3057.5911522973265 -362515.50551109266 
1558.6840665996833 -238314.38091623384 
4079.1688779295914 -1310398.53776125 
-7720.173602318756 811842.9502082502 
38019.88797294993 600120.9318064438 
111.19442734621877 12107.508954802888 
2291.131547995783 9049.016029900064 
-101.25223845890143 4136.819362108608 
147400.36795060168 12752837.506622389 
4950.258790240073 2079053.7608554636 
392.29985760152044 1500536.3620331136 
46862.45480493618 -33533821.34346989 
-361.60981923153275 -196300.11541326463 
946.5009271393535 164298.30148163182 
-645.1179255489782 -1130184.2547602106 
-143.86444276452673 64481.578424529136 
309.16585579838176 -143.64858454762572 
71741.3355468193 35267736.24413906 
176995.33004059276 -12426839.708738329 
23625.78763514123 -34.693041541734864 