2518.5355386467863 -362688.2795405689 
1177.0327740285886 -238446.64529322792 
3621.98338023656 -1311030.796726225 
-7188.265857354344 812236.8449405893 
36220.966078836 600408.9353178269 
55.84705856709604 12370.78195239185 
2081.9374752508365 9053.429630443776 
153.91697933236807 4140.069015823548 
141205.76015545297 12758756.042292435 
4879.072553040651 2080098.8175349326 
388.690803794237 1501330.4437893964 
48215.11982465338 -33550949.59885434 
-124.31487712945096 -196196.47611296375 
1066.3402178931296 164377.53792216198 
-744.3147339232515 -1130751.8647835548 
-82.32629522127371 64623.16918530306 
-214.45165269289274 -391.90057354064913 
59555.84188256539 35284918.717353776 
155658.3556582561 -12432758.321366005 
21064.692283847406 236.34948947477085 