2518.5355386467863 -365058.89994501 
1177.0327740285886 -240261.43558221642 
3621.98338023656 -1319705.977873555 
-7188.265857354344 817641.4470819859 
36220.966078836 604360.611404246 
138.22453767986957 12696.738997025857 
2081.9374752508193 9113.98833558089 
-154.65974915939913 4104.572798321615 
141205.76015545297 12839963.85730004 
4879.072553040651 2094437.9673229966 
388.690803794237 1512225.9841663004 
48215.11982465338 -33785965.19598975 
-124.31487712945108 -194982.41573801066 
1066.3402178931296 165464.7355945526 
-744.3147339232515 -1138540.0023131608 
-234.0249845139439 64861.637835027555 
-19.617230928690347 320.47469922191465 
59555.84188256539 35520678.23355569 
155658.3556582561 -12513967.192303881 
21064.692283847406 222.4498724995655 