2492.240142858955 -365396.4120025915 
1156.402974430151 -240519.81250471648 
3594.2751682551643 -1320941.088409785 
-7151.582564598178 818410.915861439 
36077.05232730688 604923.2229148548 
246.34497901573215 12671.665378207897 
2057.326407869062 9122.610252922717 
-320.816449116501 4118.071359906921 
139829.18064541992 12851525.647911292 
4850.598058160882 2096479.4733945176 
381.47269617967015 1513777.21364369 
47313.343144841914 -33819425.0437175 
339.23803302345294 -195012.02696666805 
1044.5512559378976 165619.5230597743 
-757.5409750398213 -1139648.821893647 
-202.54035088716333 65338.57513447655 
-238.8059554134217 -413.4877030181951 
58653.21272225029 35554243.99518444 
154281.77666584728 -12525529.133250969 
20918.343978059187 -166.73940280618635 