2492.240142858955 -366746.4602329173 
1156.402974430151 -241553.3201947167 
3594.2751682551643 -1325881.530554705 
-7224.94915011051 821488.7909792513 
36364.87983036511 607173.66895729 
-157.81952788183514 12345.7083335738 
2106.5485426325877 9157.09792229147 
165.78531504358594 4139.569069098212 
142582.339665486 12897772.8103563 
4964.496037679957 2104645.497680601 
410.3451266379376 1519982.131553249 
50920.44986408779 -33953264.43462852 
162.64644820329897 -194538.2473081498 
1131.7071037588257 166238.67292066116 
-783.9934572729609 -1144084.1002155922 
249.69347757023095 65517.426621769926 
-190.09734997237092 -413.487703018152 
56847.95440162008 35688507.041699424 
154281.77666584728 -12571776.897039318 
20918.343978059187 111.25293669792208 