3057.5911522973265 -369627.3667244161 
1558.6840665996833 -243758.75178319935 
4079.1688779295914 -1336424.08120324 
-7793.540187831089 828056.75663244 
38307.71547600816 611975.9600657009 
0.4996897880871254 12057.361717166727 
2291.1315479957602 9230.692145325502 
100.50946863186729 4107.822452036543 
147400.36795060168 12996460.951645203 
5007.2077799996105 2122071.210219655 
392.29985760152044 1533222.9831638255 
46862.45480493618 -34238868.134876125 
-361.6098192315331 -192657.93428840538 
946.5009271393535 167559.89449880365 
-645.1179255489782 -1153548.6673490286 
219.6399636537585 65822.96457922945 
-543.2347394200143 72.22271022891253 
71741.3355468193 35975014.7927448 
179748.4880254104 -12670466.321551958 
24211.180858294105 -20.79342456652938 