2978.704964933833 -370639.90289716044 
1496.7946678043706 -244533.88255069952 
3996.044241985404 -1340129.41281193 
-7683.49030956259 830365.1629707993 
37875.974221420816 613663.7945975274 
-246.63274754937083 12884.791138160876 
2217.298345850489 9256.557897356677 
112.37780434307476 4128.820214502582 
143270.62942050255 13031146.32347896 
4978.733285119842 2128195.728434218 
385.0817499869536 1537876.6715959946 
45960.67812512471 -34339247.678059384 
-74.64849389878307 -193220.54763289582 
924.7119651841215 168024.2568944688 
-658.344166665548 -1156875.1260904875 
-52.27278130480126 66270.09329746288 
284.8115530779176 -122.06145506985376 
70838.7063865042 36075712.07763104 
178371.90903300158 -12705152.14439322 
23772.13594092945 -201.48844524419988 