2465.944747071124 -371150.1889842181 
1135.7731748317135 -244924.52385019365 
3566.5669562737685 -1341996.782313135 
-7261.632442866677 831528.5264825914 
36508.79358189423 614514.4096195193 
-83.16493743571199 12696.738997025901 
2081.9374752508256 9269.593415245738 
-332.68478482770945 4140.069015823612 
141205.76015545297 13048626.649760257 
4992.970532559726 2131282.291185208 
403.12701902337074 1540221.9828296672 
50018.67318427632 -34389835.78117158 
-124.31487712945136 -192613.51744541927 
1109.9181418035937 168258.28080022067 
-797.2196983895307 -1158551.555694318 
-234.02498451394388 66083.78966486562 
-19.61723092867959 320.4746992217905 
55945.32524130498 36126460.312474504 
155658.3556582561 -12722632.697967984 
21064.692283847406 -69.44208397974842 