2518.5355386467863 -371825.213099381 
1177.0327740285886 -245441.27769519377 
3621.98338023656 -1344467.003385595 
-7334.999028379009 833067.4640414976 
36796.62108495246 615639.6326407369 
133.07594523457453 12746.886234661924 
2131.1596100143383 9286.837249933928 
-154.6597491593961 4147.568216704261 
143958.91917551905 13071750.230982762 
5049.919522319264 2135365.30332825 
403.12701902337074 1543324.4417844466 
50018.67318427632 -34456755.47662709 
-300.9064619496053 -192080.51532958623 
1109.9181418035937 168567.8557306641 
-770.7672161563911 -1160769.1948552905 
-88.05077406250649 66545.82267370683 
-19.617230928677074 320.4746992217743 
57750.583561935186 36193591.835732 
158411.51364307373 -12745756.579862159 
21357.388895423843 -180.63901978139177 