2465.944747071124 -373520.80938865925 
1135.7731748317135 -246739.31413918216 
3566.5669562737685 -1350671.963460465 
-7261.632442866677 836933.128623988 
36796.62108495246 618466.0857059383 
-160.393824103044 12420.929190027753 
2081.937475250849 9330.152120403236 
331.9420150006774 4104.572798321476 
141205.76015545297 13129834.464767862 
5049.919522319264 2145621.440973272 
403.12701902337074 1551117.5232065711 
50018.67318427632 -34624851.37830699 
-124.31487712945147 -191399.4570704662 
1109.9181418035937 169345.47847261128 
-797.2196983895307 -1166339.693223924 
6.403126817835385 66665.05699856908 
-214.4516526929029 -391.9005735402638 
55945.32524130498 36362219.82867642 
155658.3556582561 -12803841.56890586 
21357.388895423843 -55.54246700454294 