3031.2957565094953 -374031.0954757169 
1538.0542670012458 -247129.9554386763 
4051.4606659481956 -1352539.33296167 
-7830.223480587255 838096.4921357802 
38739.456730595506 619316.7007279302 
-241.48415510406585 12934.938375796874 
2315.742615377525 9343.187638294015 
-89.38390274767784 4094.3238904511218 
148776.94746063472 13147314.79104916 
5092.631264638917 2148708.003724262 
399.5179652160873 1553462.8344402437 
47764.231484747645 -34675439.48141919 
-74.64849389878319 -190733.20442567486 
968.2898890945855 169579.50237836316 
-658.344166665548 -1168016.1228277544 
-175.34907639130722 66851.36063116635 
284.8115530779373 -122.06145506980722 
70838.7063865042 36412968.06351988 
181125.0670178192 -12821322.122480623 
24357.529164082323 90.40351123511402 