2518.5355386467863 -374195.83350382216 
1177.0327740285886 -247256.06798418227 
3621.98338023656 -1353142.184532925 
-7334.999028379009 838472.0661828942 
37084.44858801069 619591.3087271559 
-188.71108254787544 12696.738997025815 
2131.1596100143574 9347.395955093447 
153.91697933236054 4097.073597440736 
143958.91917551905 13152958.045990366 
5049.919522319264 2149704.453116314 
403.12701902337074 1554219.9821613505 
50018.67318427632 -34691771.0737625 
-300.9064619496054 -190866.45495463314 
1109.9181418035937 169655.0534030547 
-770.7672161563911 -1168557.3323848965 
-234.02498451394382 66694.86557978464 
-214.4516526929025 -391.90057354023963 
57750.583561935186 36429351.35193391 
158411.51364307373 -12826965.450800035 
21650.08550700028 -194.53863675659713 