3057.5911522973265 -374368.6075332984 
1558.6840665996833 -247388.33236117635 
4079.1688779295914 -1353774.4434979 
-7866.906773343421 838865.9609152332 
38595.54297906639 619879.312238539 
-133.36371376940915 12909.864756978903 
2291.1315479957725 9351.809555639204 
100.50946863186468 4107.822452036495 
147400.36795060168 13158876.581660412 
5064.156769759148 2150749.509795783 
392.29985760152044 1555014.0639176334 
46862.45480493618 -34708899.329146944 
-361.6098192315333 -190229.8135384992 
946.5009271393535 169734.28984358488 
-645.1179255489782 -1169124.9424082406 
-266.94073785103274 67015.30782785194 
-543.234739420041 72.22271022890531 
71741.3355468193 36446533.82514863 
182501.64601022803 -12832884.06342771 
24503.877469870542 -20.79342456652938 