2465.944747071124 -375216.4056779375 
1135.7731748317135 -248037.35058317054 
3566.5669562737685 -1356876.9235353349 
-7261.632442866677 840798.7932064785 
36508.79358189423 621292.5387711397 
138.22453767872233 12596.444521753792 
2032.7153404873281 9373.466990875777 
177.65365075478775 4118.57130663224 
138452.60113538688 13187918.698552962 
4992.970532559726 2155877.578618294 
388.690803794237 1558910.6046286956 
48215.11982465338 -34792947.279986896 
151.6094741520389 -190925.67741194792 
1066.3402178931296 170123.10121455847 
-770.7672161563911 -1171910.1915925574 
35.02552102399958 67186.70716984142 
-19.61723092866688 320.4746992217054 
57750.583561935186 36530847.82162084 
158411.51364307373 -12861926.557949562 
21357.388895423843 83.45370274751127 