2978.704964933833 -375726.69176499516 
1496.7946678043706 -248427.99188266468 
3996.044241985404 -1358744.2930365398 
-7830.223480587255 841962.1567182706 
38451.629227537276 622143.1537931316 
219.31486867993956 12082.435335984517 
2266.520480614024 9386.502508767466 
-397.9606312394216 4129.820107953334 
146023.78844056863 13205399.02483426 
5092.631264638917 2158964.141369284 
399.5179652160873 1561255.9158623682 
47764.231484747645 -34843535.383099094 
-350.57284518027376 -190318.64722447138 
968.2898890945855 170357.12512031035 
-684.7966488986875 -1173586.6211963878 
216.7777242331422 67060.02069967528 
-518.8804366995234 50.63558075127157 
69033.44806587399 36581596.0564643 
181125.0670178192 -12879407.111524325 
24064.832552505886 215.50006401196273 