3005.000360721664 -378434.82422701776 
1517.4244674028082 -250501.15909415323 
4023.7524539667997 -1368654.5847200998 
-7866.906773343421 848136.2276391203 
38883.37048212462 626657.4413901594 
82.87716889985752 12909.864756978857 
2291.131547995778 9455.683131286514 
76.77279720941935 4107.822452036421 
147400.36795060168 13298168.630453117 
5178.054749278223 2175344.797228869 
406.73607283065417 1573702.6857166619 
48666.00816455911 -35112010.82796226 
112.98006497263012 -189074.9756208609 
990.0788510498176 171599.11025792267 
-671.5704077821177 -1182483.57830648 
96.56366856725265 67745.61806763322 
-543.2347394200667 72.22271022890041 
69936.0772261891 36850921.33429496 
182501.64601022803 -12972177.923409289 
24503.877469870542 -159.7895943185836 