3057.5911522973265 -379109.84834218066 
1558.6840665996833 -251017.91293915335 
4079.1688779295914 -1371124.8057925599 
-7940.273358855754 849675.1651980265 
38883.37048212462 627782.664411377 
221.88916490134534 12157.65619243834 
2291.1315479957757 9472.926965981007 
100.50946863186164 4107.82245203644 
147400.36795060168 13321292.211675622 
5121.105759518686 2179427.809371911 
392.29985760152044 1576805.1446714413 
46862.45480493618 -35178930.52341776 
-361.60981923153355 -187801.69278859303 
946.5009271393535 171908.6851883661 
-645.1179255489782 -1184701.2174674526 
185.2930906063617 68207.65107647443 
-543.2347394200701 72.22271022889849 
71741.3355468193 36918052.857552454 
185254.80399504566 -12995301.805303464 
24796.57408144698 -20.79342456652938 