215.96822159162932 216.90293223604425 
162.1503455834012 176.74477923030838 
-48.556920554511926 10.71651782529634 
-238.42340407863102 42.93595500871648 
231.20347905972525 132.02753126428863 
194.1470065040136 17.295692155018376 
95.22397059583628 241.4741556908062 
-39.03469101761689 85.66684267755461 
99.52863920761668 -220.89090270805883 
171.15628109051684 142.5097122204277 
226.57091831292303 -29.188398533883078 
-14.824071277304165 21.049848631215994 
58.42018451761573 -85.10105519772475 
120485633.1126352 -27671327249.59613 
-120485156.80992809 27671327616.81092 
146.43880871464302 -20.35043672954486 
205.58050765848785 0.1008362910396966 
-93.81375240498807 73.02965119478402 
224.42162205786124 -59.098766923786215 
86.75282251817235 7.84964359119691 