2518.5355386467863 -381307.6947171456 
1177.0327740285886 -252700.43885114777 
3621.98338023656 -1379167.727974915 
-7481.732199403675 854685.872607084 
37372.27609106892 631446.336986413 
-78.01634499021172 12746.886234661712 
2131.1596100143497 9529.072070616989 
-154.65974915939574 4147.568216704324 
143958.91917551905 13396581.49101318 
5163.817501838339 2192721.902480506 
403.12701902337074 1586906.6032920624 
50018.67318427632 -35396817.86516873 
-300.9064619496057 -187224.27382977388 
1109.9181418035937 172916.64642022655 
-770.7672161563911 -1191921.7449737145 
35.025521023999694 68468.4761621106 
-19.61723092865809 320.47469922157956 
57750.583561935186 37136629.90053965 
163917.829612709 -13070592.063613664 
21942.782118576717 -180.63901978139177 