2978.704964933833 -382838.5529783186 
1496.7946678043706 -253872.36274963018 
3996.044241985404 -1384769.8364785297 
-7903.590066099588 858175.9631424604 
39027.284233653736 633998.1820523887 
113.76872356655102 12082.435335984052 
2266.520480614003 9568.178624306667 
397.2178614123816 4114.8217061917985 
146023.78844056863 13449022.469857074 
5206.529244157992 2201981.590733476 
399.5179652160873 1593942.53699308 
47764.231484747645 -35548582.17450532 
-350.5728451802741 -186676.46609961212 
968.2898890945855 173618.71813748218 
-684.7966488986875 -1196951.0337852058 
-52.27278130480105 68714.39695713899 
284.811553077997 -122.06145506968583 
69033.44806587399 37288874.60507004 
183878.22500263684 -13123033.724337954 
24650.22577565876 229.3996809871682 