3005.000360721664 -383176.06503590004 
1517.4244674028082 -254130.73967213024 
4023.7524539667997 -1386004.9470147598 
-7940.273358855754 858945.4319219135 
39171.19798518285 634560.7935629975 
5.648282232813337 12057.361717166023 
2291.1315479957525 9576.800541656254 
76.77279720941698 4107.822452036426 
147400.36795060168 13460584.260468327 
5235.003739037761 2204023.096804997 
406.73607283065417 1595493.7664704698 
48666.00816455911 -35582042.02223308 
112.98006497262989 -186646.85487095473 
990.0788510498176 173773.5056027039 
-671.5704077821177 -1198059.853365692 
-172.48683697069066 68729.30124774677 
-543.2347394200932 72.22271022889474 
69936.0772261891 37322440.36669879 
185254.80399504566 -13134595.665285042 
24796.57408144698 -159.7895943185836 