3057.5911522973265 -386221.7095555041 
1558.6840665996833 -256462.28380611885 
4079.1688779295914 -1397150.3492345498 
-8087.006529880419 865888.9716222163 
39459.02548824108 639637.6926706341 
111.19442734385804 12107.508954801871 
2291.1315479957725 9654.603081557952 
-101.25223845889975 4136.8193621087075 
147400.36795060168 13564915.656698436 
5235.003739037761 2222445.258736103 
392.29985760152044 1609491.7658021532 
46862.45480493618 -35883977.31482399 
-361.6098192315339 -184159.51166373378 
946.5009271393535 175170.27820553794 
-645.1179255489782 -1208065.6300562706 
-172.48683697069066 69399.99432509692 
309.16585579854865 -143.6485845472624 
71741.3355468193 37625331.406158194 
190761.11996468093 -13238928.418117093 
25089.270693023416 -34.693041541734864 