2439.6493512832926 -387407.01975772466 
1115.143375233276 -257369.6789506131 
3538.8587442923726 -1401487.9398082148 
-7445.048906647509 868591.2726929146 
37516.18984259803 641613.5307138436 
-268.5142654324192 12395.855571209268 
2057.326407869097 9684.882434163352 
142.0486436211325 4118.07135990681 
139829.18064541992 13605519.564202238 
5192.291996718108 2229614.833630135 
395.9089114088039 1614939.5359906051 
49116.89650446485 -36001485.1133917 
-311.9434360008657 -184884.9867658399 
1088.1291798483617 175713.87704173324 
-783.9934572729609 -1211959.6988210736 
37.88776044461611 69765.14944498756 
4.7370717918906085 342.06182869906866 
56847.95440162008 37743211.16425915 
165294.40860511782 -13279532.853586031 
22089.130424364936 -13.843616078926688 