218.74841816789285 214.51841656477018 
167.15471650626424 181.7042367001308 
-40.58658558151452 9.823497393970497 
-235.21428771205876 32.3538074683042 
225.80467271171653 157.94527323633653 
168.13894944224182 -3.517685539420395 
100.22555591673542 238.97594477375304 
-39.051623115587454 90.61594837800709 
99.44366937069378 -220.8618620570883 
-26.955775134584705 264.2302998783596 
226.43519554857528 -24.32220684235782 
-14.842138500351453 26.105263286211635 
276.2095143512274 -220.3165794315374 
86061234.37780683 -29579694656.302177 
-131959956.46643557 29579695028.517902 
148.35948383376743 -20.894334080219192 
204.78166083260004 4.762395649137864 
-91.29964871619516 72.94921687044877 
227.06573411024243 -53.80755468598197 
87.68135295143016 7.552203795162437 