2439.6493512832926 -389777.6401621658 
1115.143375233276 -259184.4692396016 
3538.8587442923726 -1410163.1209555448 
-7518.415492159842 873995.8748343112 
37516.18984259803 645565.2068002627 
58.421354788102704 12395.855571209262 
2057.326407869097 9745.441139380779 
-142.79141344817475 4126.570454238427 
139829.18064541992 13686727.379209843 
5192.291996718108 2243953.983418199 
395.9089114088039 1625835.076367509 
49116.89650446485 -36236500.71052711 
-311.9434360008658 -183670.9263908868 
1088.1291798483617 176801.07471412385 
-783.9934572729609 -1219747.8363506796 
-202.5403508871631 70406.03394112215 
-238.80595541344914 -413.48770301731196 
56847.95440162008 37978970.680461064 
165294.40860511782 -13360741.724523908 
22089.130424364936 0.05600089627870739 