2518.5355386467863 -391135.7243938626 
1177.0327740285886 -260224.12876108993 
3621.98338023656 -1415132.9704941846 
-7628.465370428341 877092.0706373486 
37947.93109718538 647829.0483548553 
-188.71108254282592 12596.44452175355 
2081.9374752508493 9780.13409254494 
153.91697933235108 4140.069015823775 
141205.76015545297 13733249.82238369 
5220.766491597877 2252168.6149917 
388.690803794237 1632076.928312244 
48215.11982465338 -36371136.76447926 
-124.31487712945233 -181627.75161352672 
1066.3402178931296 177423.90999084932 
-744.3147339232515 -1224209.5151388268 
246.83123814961476 70540.17255659218 
-214.45165269291306 -391.9005735396664 
59555.84188256539 38114032.91177674 
172177.3035671619 -13407264.772620521 
22820.87195330603 236.34948947477085 