2978.704964933833 -392321.03459608316 
1496.7946678043706 -261131.52390558418 
3996.044241985404 -1419470.5610678496 
-8050.323237124254 879794.3717080469 
39602.939239770196 649804.8863980648 
190.997610230886 12834.643900524918 
2266.5204806140223 9810.41344516129 
397.2178614123703 4114.821706191876 
146023.78844056863 13773853.729887493 
5320.427223677068 2259338.189885732 
399.5179652160873 1637524.6985006959 
47764.231484747645 -36488644.56304696 
-350.57284518027456 -181820.22459979978 
968.2898890945855 177967.50882704463 
-684.7966488986875 -1228103.5839036298 
-175.34907639130705 70637.05044554276 
284.8115530780632 -122.06145506955696 
69033.44806587399 38231912.66987769 
189384.5409722721 -13447869.20808946 
25235.618998811635 229.3996809871682 