3057.5911522973265 -393333.5707688275 
1558.6840665996833 -261906.65467308435 
4079.1688779295914 -1423175.8926765397 
-8160.373115392753 882102.7780464061 
39746.85299129931 651492.7209298912 
0.4996897887264586 12057.36171716548 
2291.131547995784 9836.279197229514 
100.50946863185568 4107.822452036481 
147400.36795060168 13808539.10172125 
5291.952728797299 2265462.7081002947 
392.29985760152044 1642178.386932865 
46862.45480493618 -36589024.10623022 
-361.60981923153423 -180517.33053887452 
946.5009271393535 178431.87122270977 
-645.1179255489782 -1231430.0426450886 
-26.51262651925326 70771.18906101279 
-543.2347394201452 72.22271022887863 
71741.3355468193 38332609.954763934 
193514.27794949856 -13482555.030930722 
25674.66391617629 -20.79342456652938 