2465.944747071124 -394181.36891346663 
1135.7731748317135 -262555.67289508047 
3566.5669562737685 -1426278.3727139747 
-7555.098784916008 884035.6103376513 
37660.10359412715 652905.9474624919 
-271.08856165073735 12370.781952391126 
2032.715340487367 9857.936632495419 
177.65365075477462 4118.57130663231 
138452.60113538688 13837581.2186138 
5220.766491597877 2270590.7769228057 
388.690803794237 1646074.9276439273 
48215.11982465338 -36673072.05707017 
151.609474152038 -181213.19441232324 
1066.3402178931296 178820.68259368336 
-770.7672161563911 -1234215.2918294054 
246.83123814961482 71091.63130908008 
-19.617230928624483 320.47469922131415 
57750.583561935186 38416923.95123614 
169424.14558234427 -13511597.525452573 
22528.17534172959 83.45370274751127 