2978.704964933833 -394346.10694157187 
1496.7946678043706 -262681.78544058703 
3996.044241985404 -1426881.2242852298 
-8050.323237124254 884411.1843847653 
39315.111736711966 653180.5554617177 
-246.63274754014634 12884.791138161077 
2217.2983458505155 9862.144949300842 
112.37780434306211 4128.820214502729 
143270.62942050255 13843224.473555006 
5263.47823391753 2271587.2263148576 
385.0817499869536 1646832.0753650342 
45960.67812512471 -36689403.64941348 
-74.64849389878421 -181079.94388336496 
924.7119651841215 178896.2336183749 
-658.344166665548 -1234756.5013865475 
188.15533002697822 71248.12636046179 
284.8115530780785 -122.06145506953095 
70838.7063865042 38433307.239650175 
192137.69895708974 -13517240.853771985 
25235.618998811635 -201.48844524419988 