3031.2957565094953 -395366.6791156872 
1538.0542670012458 -263463.0680395789 
4051.4606659481956 -1430615.9632876397 
-8197.05640814892 886737.9114083496 
39890.766742828426 654881.7855057014 
80.30287267574211 12985.085613433253 
2315.742615377526 9888.21598512056 
88.641132920633 4150.317923694224 
148776.94746063472 13878185.126117602 
5377.376213436605 2277760.3518168377 
399.5179652160873 1651522.6978323793 
47764.231484747645 -36790579.85563788 
-74.64849389878421 -179806.6610510971 
968.2898890945855 179364.28142987867 
-658.344166665548 -1238109.3605942084 
-175.349076391307 71248.12636046179 
-518.8804366996189 50.63558075127384 
70838.7063865042 38534803.7093371 
194890.85694190738 -13552201.960921511 
25528.315610388072 104.30312821031939 