2465.944747071124 -396551.9893179078 
1135.7731748317135 -264370.46318407735 
3566.5669562737685 -1434953.5538613047 
-7628.465370428341 889440.212479048 
37947.93109718538 656857.623548911 
55.847058565381445 12471.076427663174 
2032.7153404873332 9918.495337748414 
-178.39642058182548 4126.070507513114 
138452.60113538688 13918789.033621404 
5277.715481357414 2284929.9267108697 
388.690803794237 1656970.4680208312 
48215.11982465338 -36908087.65420558 
151.60947415203788 -179999.13403737015 
1066.3402178931296 179907.88026607397 
-770.7672161563911 -1242003.4293590114 
35.02552102399981 71583.47289913686 
-214.45165269291866 -391.9005735394714 
57750.583561935186 38652683.46743806 
172177.3035671619 -13592806.39639045 
22820.87195330603 97.35331972271672 