2465.944747071124 -398922.6097223489 
1135.7731748317135 -266185.25347307423 
3566.5669562737685 -1443628.7350086346 
-7628.465370428341 894844.8146204446 
37947.93109718538 660809.29963533 
138.2245376739182 12596.444521753365 
2032.7153404873072 9979.054043015307 
177.65365075477223 4118.571306632401 
138452.60113538688 13999996.848629009 
5277.715481357414 2299269.0764989336 
388.690803794237 1667866.0083977352 
48215.11982465338 -37143103.25134099 
151.60947415203776 -178785.07366241707 
1066.3402178931296 180995.0779384646 
-770.7672161563911 -1249791.5668886174 
-205.40259030777935 72283.97455770258 
-19.617230928613242 320.47469922121604 
57750.583561935186 38888442.98363997 
172177.3035671619 -13674015.267328326 
22820.87195330603 83.45370274751127 