2518.5355386467863 -400272.6579526747 
1177.0327740285886 -267218.76116307924 
3621.98338023656 -1448569.1771535547 
-7775.198541453006 897922.6897382569 
38523.58610330184 663059.7456777652 
-49.69908654271565 12270.487477118451 
2131.1596100143593 10013.541712461963 
-154.65974915939364 4147.568216704786 
143958.91917551905 14046244.011074018 
5391.61346087649 2307435.1007850175 
403.12701902337074 1674070.926307294 
50018.67318427632 -37276942.642252006 
-300.90646194960664 -177511.7908301492 
1109.9181418035937 181614.22779935144 
-770.7672161563911 -1254226.8452105625 
246.83123814961493 72433.01746378039 
-19.617230928613182 320.474699221187 
57750.583561935186 39022706.03015496 
174930.46155197953 -13720263.031116676 
23113.568564882466 -180.63901978139177 