2978.704964933833 -406199.2089637776 
1496.7946678043706 -271755.73688557144 
3996.044241985404 -1470257.1300218797 
-8270.422993661252 911434.1950917484 
40178.594245886656 672938.9358938128 
224.46346111271296 12132.58257361849 
2217.2983458505196 10164.93847571986 
-113.1205741701101 4115.8215996428635 
143270.62942050255 14249263.54859303 
5434.325203196143 2343282.9752551774 
385.0817499869536 1701309.777249554 
45960.67812512471 -37864481.63509053 
-74.64849389878478 -175009.64200859953 
924.7119651841215 184332.22198032797 
-658.344166665548 -1273697.1890345775 
216.77772423314255 73290.0141737278 
-518.8804366996808 50.63558075127688 
70838.7063865042 39612104.82065974 
200397.17291154264 -13923285.208461367 
26113.708833540946 -187.58882826899443 