2439.6493512832926 -406371.9829932538 
1115.143375233276 -271888.00126256613 
3538.8587442923726 -1470889.3889868546 
-7738.51524869684 911828.0898240875 
38667.49985483095 673226.9394051959 
169.1160923372324 12345.708333572258 
2057.3264078690886 10169.3520762774 
142.04864362112184 4118.071359907115 
139829.18064541992 14255182.084263075 
5420.087955756258 2344328.0319346464 
395.9089114088039 1702103.8590058368 
49116.89650446485 -37881609.890474975 
-311.9434360008666 -175172.5037662152 
1088.1291798483617 184411.45842085814 
-783.9934572729609 -1274264.7990579216 
249.6934775702314 73610.4564217951 
4.737071791941511 342.0618286986449 
56847.95440162008 39629287.29387446 
176307.04054438835 -13929203.821089042 
23259.916870670684 -13.843616078926688 