215.86070520909655 208.2158570526266 
182.61585880317284 197.03291030327568 
-15.985998181750512 7.157035064286986 
-225.4128883763488 0.25193848040992006 
220.64751858234484 236.72737173344646 
-156.1944385210144 -29.842258289117545 
115.63107453785234 231.27894057144866 
-39.12485375450213 105.83602305706216 
99.52812809069083 -220.88116547070737 
123.73230974073402 -100.81658675486557 
225.98302552985885 -9.535112461762715 
-15.072560085303751 41.490944777141394 
-237.7834088405653 87.45136172723178 
97536033.95608293 -35457466268.9568 
-97535557.4969131 35457466656.57542 
143.9998800871207 155.89490389729363 
202.19860584330857 19.0934217345759 
-83.53656748008714 72.7046967879323 
235.18402836063203 -37.224467418243336 
90.54474585131953 6.634624893665255 