3005.000360721664 -411623.50988919375 
1517.4244674028082 -275908.22314005584 
4023.7524539667997 -1490107.1207827195 
-8380.47287192975 923800.6576186728 
40898.16300353223 681980.9066000258 
-133.36371375715288 12960.011994615255 
2291.1315479958153 10303.50500490412 
76.77279720940606 4107.822452036659 
147400.36795060168 14435078.040559582 
5576.697677594987 2376092.8942617644 
406.73607283065417 1726240.2509933172 
48666.00816455911 -38402229.18785799 
112.98006497262853 -172078.1303715177 
990.0788510498176 186819.87767139124 
-671.5704077821177 -1291517.503720964 
-20.788147678020252 74646.30461903589 
-543.2347394202468 72.22271022885245 
69936.0772261891 40151554.56112175 
201773.75190395146 -14109102.116539558 
26552.753750905602 -159.7895943185836 