3031.2957565094953 -412636.0460619381 
1538.0542670012458 -276683.3539075596 
4051.4606659481956 -1493812.4523914095 
-8417.156164685917 926109.063957032 
40754.249252003116 683668.7411318523 
190.99761022113256 12934.9383757972 
2266.5204806140746 10329.370757029305 
-397.9606312394086 4107.322505311286 
146023.78844056863 14469763.412393339 
5491.2741929556805 2382217.4124763273 
385.0817499869536 1730893.9394254864 
45960.67812512471 -38502608.73104125 
101.94309092136885 -170834.45876790723 
924.7119651841215 187284.24006705638 
-631.8916844324084 -1294843.962462423 
188.1553300269784 75093.43333726932 
284.8115530782014 -122.06145506928411 
72643.96470713441 40252251.84600799 
205903.4888811779 -14143787.93938082 
26699.10205669382 -62.49227549214567 