2492.240142858955 -412808.8200914143 
1156.402974430151 -276815.6182845543 
3594.2751682551643 -1494444.7113563844 
-7885.248419721505 926502.9586893711 
38955.32735788918 683956.7446432353 
246.34497899546386 12671.66537820713 
2057.326407869061 10333.784357590645 
-320.81644911647845 4118.0713599072 
139829.18064541992 14475681.948063385 
5420.087955756258 2383262.4691557963 
381.47269617967015 1731688.0211817692 
47313.343144841914 -38519736.9864257 
339.23803302345067 -170730.81946760634 
1044.5512559378976 187363.47650758654 
-757.5409750398213 -1295411.572485767 
126.61718248372537 74922.03399527984 
-238.8059554134684 -413.48770301648113 
58653.21272225029 40269434.3192227 
181813.35651402362 -14149706.552008497 
23845.31009382356 -166.73940280618635 