2978.704964933833 -413656.61823605344 
1496.7946678043706 -277464.63650655147 
3996.044241985404 -1497547.1913938194 
-8417.156164685917 928435.7909806164 
40754.249252003116 685369.971175836 
3.0739860122314124 12132.582573617863 
2266.5204806140664 10355.441792905842 
-397.9606312393961 4129.820107953883 
146023.78844056863 14504724.064955935 
5548.223182715218 2388390.5379783073 
399.5179652160873 1735584.5618928315 
47764.231484747645 -38603784.93726565 
-350.5728451802756 -170893.681225222 
968.2898890945855 187752.28787856014 
-684.7966488986875 -1298196.8216700838 
-175.34907639130682 75033.8161748382 
-518.8804366997177 50.63558075128024 
69033.44806587399 40353748.31569491 
203150.33089636028 -14178749.046530347 
26406.405445117383 215.50006401196273 