2518.5355386467863 -414496.3803793216 
1177.0327740285886 -278107.50289706053 
3621.98338023656 -1500620.2640375346 
-7995.298297990004 930350.3025866365 
39387.06861247653 686769.8021962794 
-265.9399691878074 12320.634714753714 
2131.1596100143706 10376.893944477299 
-154.6597491593923 4147.5682167051355 
143958.91917551905 14533490.901119646 
5562.460430155103 2393469.999513401 
403.12701902337074 1739444.1685687178 
50018.67318427632 -38687036.225064464 
-300.9064619496073 -170227.4285804307 
1109.9181418035937 188137.41383369511 
-770.7672161563911 -1300955.6703881985 
-88.05077406250604 75339.35413229771 
-19.61723092857889 320.47469922089385 
57750.583561935186 40437263.12736644 
183189.93550643243 -14207516.256743934 
23991.658399611777 -180.63901978139177 