3005.000360721664 -418735.3711025172 
1517.4244674028082 -281352.5940070465 
4023.7524539667997 -1516132.6642247094 
-8527.206042954416 940014.4640428626 
41185.99050659046 693835.9348592829 
-27.81756865194351 12960.01199461553 
2291.1315479958926 10485.181121112442 
-77.51556703645973 4136.819362109363 
147400.36795060168 14678701.485582396 
5633.646667354525 2419110.343625956 
406.73607283065417 1758926.872124029 
48666.00816455911 -39107275.97926422 
112.98006497262818 -168435.94924665845 
990.0788510498176 190081.47068856307 
-671.5704077821177 -1314881.916309782 
185.29309060636209 76330.48945771516 
309.16585579878495 -143.6485845467644 
69936.0772261891 40858833.10972749 
207280.06787358673 -14352728.729353188 
26845.45036248204 -173.68921129378907 