2465.944747071124 -420933.2174774821 
1135.7731748317135 -283035.1199190487 
3566.5669562737685 -1524175.5864070645 
-7995.298297990004 945025.1714519202 
39674.89611553476 697499.6074343189 
-160.393824079902 12420.929190025754 
2081.9374752508197 10541.326225994882 
331.9420150006256 4104.572798321596 
141205.76015545297 14753990.764919955 
5619.40941991464 2432404.436734551 
403.12701902337074 1769028.3307446502 
50018.67318427632 -39325163.32101519 
-124.31487712945375 -167118.24957140448 
1109.9181418035937 191089.43192042352 
-797.2196983895307 -1322102.443816044 
35.02552102400009 76710.54886821358 
-214.4516526929331 -391.900573538629 
55945.32524130498 41077410.152714685 
183189.93550643243 -14428018.987663388 
24284.355011188214 -55.54246700454294 