2978.704964933833 -423139.099853818 
1496.7946678043706 -284723.797662539 
3996.044241985404 -1532247.9159831393 
-8563.889335710583 950054.1995462028 
41329.904258119575 701176.6755215122 
219.31486865517482 12082.435335980386 
2266.5204806141805 10597.67661464569 
-397.9606312393915 4129.820107953988 
146023.78844056863 14829555.324986354 
5662.1211622342935 2445747.137130563 
399.5179652160873 1779166.7234004473 
47764.231484747645 -39543847.32580729 
-350.57284518027603 -166037.43972540967 
968.2898890945855 192101.07856812258 
-684.7966488986875 -1329349.3717885078 
-264.0784984304157 77135.32115053534 
-518.880436699768 50.63558075128401 
69033.44806587399 41296786.38050257 
208656.64686599554 -14503584.530281853 
26991.798668270258 215.50006401196273 