2518.5355386467863 -423978.86199708615 
1177.0327740285886 -285366.66405304807 
3621.98338023656 -1535320.9886268545 
-8142.03146901467 951968.7111522229 
39962.72361859299 702576.5065419555 
-49.69908653534151 12270.48747711654 
2131.159610014366 10619.128766252172 
-154.6597491593927 4147.568216705306 
143958.91917551905 14858322.161150064 
5676.358409674178 2450826.598665657 
403.12701902337074 1783026.3300763336 
50018.67318427632 -39627098.6136061 
-300.9064619496078 -165371.18708061834 
1109.9181418035937 192486.20452325756 
-770.7672161563911 -1332108.2205066225 
35.02552102400015 77262.00762070148 
-19.617230928559394 320.4746992206998 
57750.583561935186 41380301.19217409 
188696.2514760677 -14532351.74049544 
24577.05162276465 -180.63901978139177 