2978.704964933833 -427880.3406627003 
1496.7946678043706 -288353.37824053277 
3996.044241985404 -1549598.2782777993 
-8637.255921222915 960863.403828996 
41617.731761177805 709080.0276943502 
-213.16689661962548 12182.72981125264 
2266.5204806141846 10718.794025674752 
-397.96063123938944 4129.820107954039 
146023.78844056863 14991970.955001563 
5719.070151993831 2474425.436706691 
399.5179652160873 1800957.8041542552 
47764.231484747645 -40013878.52007811 
-350.57284518027626 -163609.3189755035 
968.2898890945855 194275.4739129038 
-684.7966488986875 -1344925.6468477198 
188.15533002697862 78148.81291186446 
-518.8804366997936 50.63558075128648 
69033.44806587399 41768305.41290639 
211409.80485081318 -14666002.272157606 
27284.495279846695 215.50006401196273 