2465.944747071124 -432111.2953845249 
1135.7731748317135 -291592.3175190306 
3566.5669562737685 -1565081.2710712543 
-8142.03146901467 970509.2445999971 
39962.72361859299 716132.7648451964 
-78.01634497155965 12546.297284115579 
2032.7153404870423 10826.875918836304 
177.65365075474585 4118.571306632696 
138452.60113538688 15136906.258735474 
5676.358409674178 2500017.173531829 
388.690803794237 1820403.5736743906 
48215.11982465338 -40433321.61123673 
151.60947415203617 -161788.22841307387 
1066.3402178931296 196215.84535193315 
-770.7672161563911 -1358825.4923031013 
-234.02498451394322 78722.62810026403 
-19.6172309285386 320.4746992205357 
57750.583561935186 42189076.21046676 
191449.40946088533 -14810939.460458595 
24869.74823434109 83.45370274751127 