2439.6493512832926 -434819.4278465475 
1115.143375233276 -293665.4847305287 
3538.8587442923726 -1574991.5627548143 
-8178.714761770836 976683.3155208468 
40394.46487318033 720647.0524422242 
-268.51426537340916 12395.855571206168 
2057.3264078688176 10896.056541865506 
142.0486436211002 4118.071359907248 
139829.18064541992 15229675.864354331 
5761.781894313484 2516397.829391414 
395.9089114088039 1832850.3435286842 
49116.89650446485 -40701797.05609989 
-311.94343600086796 -160603.77926677818 
1088.1291798483617 197457.83048954548 
-783.9934572729609 -1367722.4494131936 
-113.81092884805359 79288.99114335972 
4.737071792017346 342.06182869801455 
56847.95440162008 42458401.48829742 
192825.98845329415 -14903710.27234356 
25016.096540129307 -13.843616078926688 