2439.6493512832926 -437190.04825098865 
1115.143375233276 -295480.2750195256 
3538.8587442923726 -1583666.7439021443 
-8252.081347283169 982087.9176622434 
40394.46487318033 724598.7285286433 
58.421354782119444 12395.855571205815 
2057.3264078687203 10956.615247519314 
-142.79141344817498 4126.570454239016 
139829.18064541992 15310883.679361936 
5761.781894313484 2530736.979179478 
395.9089114088039 1843745.8839055882 
49116.89650446485 -40936812.6532353 
-311.9434360008681 -159389.7188918251 
1088.1291798483617 198545.0281619361 
-783.9934572729609 -1375510.5869427996 
126.61718248372566 79870.25847706318 
-238.80595541349433 -413.4877030155991 
56847.95440162008 42694161.00449933 
192825.98845329415 -14984919.143281436 
25016.096540129307 0.05600089627870735 