3031.2957565094953 -438712.8705107907 
1538.0542670012458 -296646.0470865253 
4051.4606659481956 -1589239.4450120393 
-8857.355677759913 985559.6875123947 
42481.214270352495 727137.1780824616 
-135.93800995199157 12834.64390052422 
2266.5204806144 10995.516517782276 
397.2178614123173 4137.31930883494 
146023.78844056863 15363049.37747699 
5832.968131512906 2539948.0601450307 
385.0817499869536 1850744.8835714299 
45960.67812512471 -41087780.29953076 
101.9430909213676 -157479.7946434233 
924.7119651841215 199243.4144633531 
-631.8916844324084 -1380513.475288089 
-146.72668218514235 80190.70072513047 
-518.8804366998401 50.6355807512837 
72643.96470713441 42845606.524229035 
222422.4367900837 -15037085.519697461 
28455.281726152443 -48.592658516940304 