2492.240142858955 -438885.6445402669 
1156.402974430151 -296778.31146352 
3594.2751682551643 -1589871.7039770142 
-8325.447932795501 985953.5822447338 
40682.29237623856 727425.1815938447 
-80.59064118746686 12571.37090293311 
2057.326407868638 10999.930118366807 
320.0736792893913 4126.570454238961 
139829.18064541992 15368967.913147036 
5761.781894313484 2540993.1168245 
381.47269617967015 1851538.9653277127 
47313.343144841914 -41104908.554915205 
339.2380330234494 -157376.1553431224 
1044.5512559378976 199322.65090388327 
-757.5409750398213 -1381081.085311433 
-85.18853464188933 80362.10006711996 
4.7370717920298935 342.0618286979218 
58653.21272225029 42862788.99744375 
198332.30442292942 -15043004.132325137 
25601.48976328218 -152.83978583098096 