3005.000360721664 -439050.3825683721 
1517.4244674028082 -296904.42400902655 
4023.7524539667997 -1590474.5555482693 
-8820.672385003747 986329.1562918478 
42337.30051882338 727699.7895930704 
-27.817568644260177 12809.570281706034 
2241.9094132325663 11004.138435203442 
76.7727972093927 4129.320161228644 
144647.2089305356 15374611.168088242 
5804.493636633138 2541989.5662165517 
377.8636423723867 1852296.1130488196 
45058.90144531324 -41121240.14725851 
388.9044162541177 -157983.18553059894 
902.9230032288895 199398.20192857482 
-645.1179255489782 -1381622.2948685752 
-26.51262651925275 80205.60501573826 
309.1658557989337 -100.4743255913977 
71741.3355468193 42879172.28585778 
221045.8577976749 -15048647.460644549 
28308.933420364225 132.10236216073022 