-168.8220343176222 156.16238486742014 
46.883817040442075 245.21746474294602 
40.012670171191616 0.4078893232549694 
-203.7589097148302 -68.66724300727132 
203.49921217390118 164.28771003014654 
70.91124498532831 475.7148089624481 
152.83975320333465 219.6337509706429 
-0.4519708319579569 87.46044777245238 
99.98946506152751 -220.98479332954744 
171.30227201789168 122.92339950030423 
225.3313011632162 23.62650486231173 
-15.736663060533573 76.2468558952141 
180.32199286778095 -144.97293196776548 
5737637.329873867 -48892372812.16737 
-5737160.244853251 48892373234.99276 
8.755386227762603 646.0122219295408 
196.55303437611184 51.541720185595 
-65.68330281029075 72.1779908700046 
251.05522456606516 1.8099585566659766 
97.00399193791809 4.675832862292295 