-249.70709339979305 166.7218478583919 
-16.357339343002092 251.11101114588956 
47.05059347994139 -0.4988136374429187 
-201.0519960527827 -77.28183008969529 
198.265722857705 154.51919641756777 
-38.243854486099636 -85.88367703847356 
157.56766997042155 218.61252546709431 
21.297239362605236 61.957775747167204 
100.04151627040173 -220.98018654437945 
-3.1401354950869473 15.916109236088094 
225.31985499437613 27.77887193863561 
-15.726632458611435 80.66161534316855 
198.03283254540412 -31.57163172322191 
5737637.329873882 -50571736130.068695 
-5737160.244853251 50571736557.29493 
96.14378849680331 646.0122223431187 
195.86636364245726 55.57824273387512 
-63.44561796018032 72.1137739043764 
251.05517302411263 6.74455687918645 
97.80020022085753 4.447255864166134 