-216.61775089775722 172.0015793667853 
-47.9779213740963 249.7715932848017 
50.56975238593942 -0.9519850056807335 
-199.69853737192452 -81.58912313338962 
195.64895586284294 149.63498112546526 
-92.82141920208444 -394.76278892471214 
159.93167661469684 218.1018824650286 
32.173046435634376 49.20986152524662 
100.06761043553617 -220.97808885141222 
-90.3611666031663 -37.587412262127074 
225.31581745879527 29.853649067878933 
-15.723318001322996 82.86519384189826 
100.62409687879372 25.129373530982843 
-5737162.24840223 -51411417789.019356 
-40161559.214375705 51411418218.446014 
139.8379897252863 455.4123901739224 
195.52404062685457 57.59552824785251 
-62.32619887056921 72.08172910949465 
249.93939316661644 9.214222823381213 
98.19788955343202 4.333028387719151 