2978.704964933833 -446845.30389822944 
1496.7946678043706 -302871.7005525078 
3996.044241985404 -1618999.727456439 
-8930.722263272246 1004100.2209601689 
42769.041773410725 740693.4363857025 
219.31486862222727 12082.435335975937 
2266.520480614872 11203.263671107688 
-397.9606312393797 4129.82010795411 
146023.78844056863 15641633.4750624 
5946.866111031982 2589138.6350112027 
399.5179652160873 1888122.1271694868 
47764.231484747645 -41894003.297161385 
-350.57284518027717 -153896.8359758788 
968.2898890945855 202973.0552920287 
-684.7966488986875 -1407230.7470845678 
-52.27278130480037 81904.6941450253 
-518.8804366998894 50.63558075128983 
69033.44806587399 43654381.5425217 
222422.4367900837 -15315673.239660617 
28455.281726152443 215.50006401196273 