2978.704964933833 -448870.37624371814 
1496.7946678043706 -304421.96208751533 
3996.044241985404 -1626410.3906738192 
-8930.722263272246 1008717.0336368873 
42769.041773410725 744069.1054493553 
-135.93800993641756 12834.643900523282 
2217.2983458509825 11254.995175766438 
-113.12057417011681 4115.821599642979 
143270.62942050255 15711004.218729913 
5946.866111031982 2601387.6714403285 
385.0817499869536 1897429.5040338251 
45960.67812512471 -42094762.383527905 
-74.64849389878682 -153156.555259444 
924.7119651841215 203901.780083359 
-658.344166665548 -1413883.6645674855 
216.777724233143 82083.54563231868 
-518.8804366999002 50.635580751288316 
70838.7063865042 43855776.11229418 
225175.59477490134 -15385044.885343142 
28747.97833772888 -187.58882826899443 