3057.5911522973265 -450228.46047541493 
1558.6840665996833 -305461.62160900846 
4079.1688779295914 -1631380.2402124591 
-9040.772141540745 1011813.2294399247 
43200.78302799807 746332.9470039479 
221.8891648375665 12157.656192429871 
2291.1315479970544 11289.688129301734 
100.50946863182193 4107.822452036593 
147400.36795060168 15757526.661903761 
5975.340605911751 2609602.3030138295 
392.29985760152044 1903671.35597856 
46862.45480493618 -42229398.437480055 
-361.60981923153696 -151379.88154000047 
946.5009271393535 204524.61536008446 
-645.1179255489782 -1418345.3433556326 
-172.48683697068998 82590.29151298324 
-543.2347394204589 72.22271022879762 
71741.3355468193 43990838.343609855 
226552.17376731016 -15431567.933439756 
29187.023255093536 -20.79342456652938 