3005.000360721664 -450903.48459057783 
1517.4244674028082 -305978.37545401097 
4023.7524539667997 -1633850.4612849192 
-8967.405556028412 1013352.1669988309 
42912.95552493984 747458.1700251655 
5.648282241751849 12207.803430066479 
2241.9094132330624 11306.931964201603 
-77.51556703647546 4115.321652917571 
144647.2089305356 15780650.243126266 
5918.391616152213 2613685.3151568715 
377.8636423723867 1906773.8149333394 
45058.90144531324 -42296318.13293556 
388.9044162541171 -151912.88365583352 
902.9230032288895 204834.19029052788 
-645.1179255489782 -1420562.9825166052 
-143.86444276452582 82769.14300027661 
-543.2347394204642 29.048451273782113 
71741.3355468193 44057969.86686735 
226552.17376731016 -15454691.81533393 
28894.3266435171 118.20274518552482 