3031.2957565094953 -452936.5929374375 
1538.0542670012458 -307534.7888205066 
4051.4606659481956 -1641290.5318960191 
-9077.455434296911 1017987.3003607744 
43344.696779527185 750847.2346009758 
85.45146509985767 12934.938375795977 
2266.520480615144 11358.868752668537 
397.2178614122988 4137.319308835092 
146023.78844056863 15850296.267522618 
6003.815100791519 2625982.9588734144 
385.0817499869536 1916118.1258328536 
45960.67812512471 -42497873.88234322 
101.94309092136692 -150195.43239370477 
924.7119651841215 205766.60049769678 
-631.8916844324084 -1427242.300465725 
-52.27278130480037 83305.69746215674 
-518.8804366999143 50.63558075128637 
72643.96470713441 44260163.621440515 
230681.9107445366 -15524338.74532472 
29333.371560881755 -48.592658516940304 