2465.944747071124 -454121.9031396581 
1135.7731748317135 -308442.18396500504 
3566.5669562737685 -1645628.122469684 
-8508.864396576333 1020689.6014314727 
41689.68863694237 752823.0726441853 
60.99565099945477 12320.634714747917 
2081.9374752498666 11389.148105643613 
331.9420150005838 4104.572798321454 
141205.76015545297 15890900.17502642 
6018.052348231404 2633152.5337674464 
403.12701902337074 1921565.8960213056 
50018.67318427632 -42615381.68091092 
-124.31487712945534 -150121.40432206128 
1109.9181418035937 206310.1993338921 
-797.2196983895307 -1431136.369230528 
-82.3262952212728 83611.23541961625 
-214.45165269295276 -391.9005735374866 
55945.32524130498 44378043.37954147 
202462.04140015587 -15564943.180793658 
26333.231292223274 -55.54246700454294 