-73.22955279330051 190.71881368653627 
-160.0873740496255 239.32381518444856 
63.099247986062494 -2.3399103906117857 
-194.88477852972142 -96.86229273925717 
186.37118896847417 132.31816848771817 
-226.7845283159261 644.1943258501947 
168.3133042475507 216.29103425499682 
70.70282742641076 3.835499059183001 
100.16012471076291 -220.9706427107674 
-161.72529588375428 -227.2798646864817 
225.32666556792321 37.18823596446768 
-15.702977139365213 90.67264208026408 
-244.74298993740268 226.13358391061246 
5737637.329873867 -54388470943.48079 
-5737160.244853251 54388471380.70895 
223.25419145122285 155.8983675564745 
194.31809255261842 64.74062186720174 
-58.352131819816115 71.97070396805337 
245.95379324851035 17.995584087064778 
99.59424400628941 3.95240648950436 