2978.704964933833 -455982.23745704157 
1496.7946678043706 -309866.332954506 
3996.044241985404 -1652435.9341158092 
-9004.088848784579 1024930.8400610771 
43056.869276468955 755924.1337086124 
-25.243272412588034 12784.49666288586 
2217.298345851249 11436.6712935562 
112.37780434302317 4128.82021450334 
143270.62942050255 15954627.663752727 
6003.815100791519 2644405.1208045203 
385.0817499869536 1930116.125164537 
45960.67812512471 -42799809.174934134 
-74.64849389878717 -149514.37413458474 
924.7119651841215 207163.37310053082 
-658.344166665548 -1437248.0771563035 
-52.272781304800354 83857.15621464464 
284.81155307849866 -122.06145506869257 
70838.7063865042 44563054.66089992 
227928.75275971898 -15628671.498156771 
29040.674949305318 -201.48844524419988 