3057.5911522973265 -457340.32168873836 
1558.6840665996833 -310905.9924759991 
4079.1688779295914 -1657405.783654449 
-9187.50531256541 1028027.0358641145 
43776.43803411453 758187.975263205 
111.19442731190522 12107.508954791698 
2291.1315479977766 11471.364247167536 
-101.25223845890812 4136.819362109692 
147400.36795060168 16001150.106926575 
6089.238585430826 2652619.7523780214 
392.29985760152044 1936357.9771092718 
46862.45480493618 -42934445.228886284 
-361.6098192315373 -147737.7004151412 
946.5009271393535 207786.2083772563 
-645.1179255489782 -1441709.7559444506 
-26.512626519252578 83961.4862488991 
309.16585579905956 -143.64858454617703 
71741.3355468193 44698116.892215595 
232058.48973694543 -15675194.546253385 
29479.719866669973 -34.693041541734864 