2492.240142858955 -460221.2281802372 
1156.402974430151 -313111.42406449193 
3594.2751682551643 -1667948.334302984 
-8618.914274844832 1034595.0015173033 
41833.60238847148 762990.2663716159 
246.3449789174473 12671.665378203043 
2057.3264078670654 11544.958471296464 
-320.81644911646214 4118.071359907239 
139829.18064541992 16099838.248215478 
5989.577853351635 2670045.4649170754 
381.47269617967015 1949598.8287198483 
47313.343144841914 -43220048.92913389 
339.2380330234484 -146449.61196854463 
1044.5512559378976 209107.42995539878 
-757.5409750398213 -1451174.323077887 
-85.1885346418891 84758.8657964154 
-238.8059554135153 -413.48770301477066 
58653.21272225029 44984624.64326097 
209344.93636219995 -15773883.970766025 
26772.27620958793 -166.73940280618635 