2439.6493512832926 -460896.2522954001 
1115.143375233276 -313628.17790949444 
3538.8587442923726 -1670418.555375444 
-8618.914274844832 1036133.9390762094 
41833.60238847148 764115.4893928336 
58.42135477600538 12395.855571201433 
2057.326407867053 11562.20230624954 
-142.7914134481762 4126.57045423903 
139829.18064541992 16122961.829437982 
6046.526843111173 2674128.4770601173 
395.9089114088039 1952701.2876746277 
49116.89650446485 -43286968.6245894 
-311.9434360008692 -147249.11514229423 
1088.1291798483617 209417.0048858422 
-783.9934572729609 -1453391.9622388596 
155.2395766898901 84788.67437763096 
-238.80595541351673 -413.48770301474565 
56847.95440162008 45051756.166518465 
206591.77837738232 -15797007.8526602 
26479.579598011493 0.056000896278707336 