2518.5355386467863 -464279.40887258557 
1177.0327740285886 -316218.0989659951 
3621.98338023656 -1682799.068131464 
-8728.964153113331 1043846.9475559653 
42553.171146117056 769755.000011079 
55.84705855422338 12270.487477109189 
2131.1596100135357 11648.626764815244 
153.91697933229756 4097.073597440264 
143958.91917551905 16238855.016279344 
6131.950327750479 2694592.145062744 
403.12701902337074 1968250.5164837008 
50018.67318427632 -43622363.76490807 
-300.9064619496097 -144732.1607064159 
1109.9181418035937 210968.56495389796 
-770.7672161563911 -1464506.5585099244 
246.83123814961561 85623.3146516667 
-214.45165269295703 -391.9005735371373 
57750.583561935186 45388212.96760662 
210721.51535460877 -15912902.546439338 
27211.321126952585 -194.53863675659713 