157.20017660731904 236.19966042745656 
56.40269281055633 71.39656296395063 
-197.59968992233797 -8.599614815641061 
-203.99996940031673 247.99999761522471 
202.19829761609628 -25.601250449590186 
130.3976362684988 71.99860374037345 
-10.599948189071316 206.19989641226968 
-38.99833543156246 -19.602445019186533 
100.97924381902261 -221.94738663051766 
92.79667496560505 -177.4455519365788 
226.9959284803709 -134.6011240498033 
-15.00048878548766 -85.59715181741444 
86.82838223835938 -181.40498141758607 
231.00183257175252 152.98308447214734 
239.19748280013937 108.41684107688681 
103.17441374082344 -11.99402977769627 
150.2009267495738 -86.79999876322647 
-146.8001301190403 73.9995883537191 
170.1989973026197 -166.59797438985407 
59.2258887599897 -0.8027053924365108 