3005.000360721664 -466147.77919134 
1517.4244674028082 -317648.39978698414 
4023.7524539667997 -1689636.2871713089 
-9260.871898077743 1048106.5068707948 
44064.26553717276 772869.4565876635 
-27.81756862870394 12960.011994612487 
2291.1315479989744 11696.355236625595 
-77.51556703646783 4136.819362109693 
147400.36795060168 16302857.78573449 
6203.136564949901 2705893.339387235 
406.73607283065417 1976837.6796621082 
48666.00816455911 -43807587.92197242 
112.98006497262591 -144154.74174759674 
990.0788510498176 211825.4241363753 
-671.5704077821177 -1470644.666901902 
-143.8644427645256 85913.94831851844 
309.16585579912413 -143.64858454604004 
69936.0772261891 45574023.433765754 
234811.64772176306 -15976906.148110716 
29772.41647824641 -173.68921129378907 