2518.5355386467863 -466650.0292770267 
1177.0327740285886 -318032.88925499195 
3621.98338023656 -1691474.249278794 
-8802.330738625664 1049251.549697362 
42553.171146117056 773706.676097498 
133.07594517891027 12746.8862346569 
2131.159610013364 11709.185470986782 
-154.65974915939208 4147.568216705743 
143958.91917551905 16320062.831286948 
6188.899317510017 2708931.294850808 
403.12701902337074 1979146.0568606048 
50018.67318427632 -43857379.36204348 
-300.9064619496098 -143518.1003314628 
1109.9181418035937 212055.76262628858 
-770.7672161563911 -1472294.6960395304 
35.025521024000604 86055.53907929236 
-19.617230928461282 320.47469921982446 
57750.583561935186 45623972.48380853 
213474.6733394264 -15994111.417377215 
27211.321126952585 -180.63901978139177 