2492.240142858955 -471053.75802832755 
1156.402974430151 -321404.09291048447 
3594.2751682551643 -1707589.501037224 
-8839.01403138183 1059291.285200702 
42697.08489764617 781047.4167597273 
58.4213547713338 12295.561095925892 
2106.548542630563 11821.680965959178 
165.78531504351164 4139.569069099353 
142582.339665486 16470916.670690905 
6217.373812389786 2735568.088355415 
410.3451266379376 1999385.908137023 
50920.44986408779 -44293950.708586544 
162.64644820329397 -141119.59081021402 
1131.7071037588257 214075.37050584808 
-783.9934572729609 -1486762.1515182562 
9.26536623845287 86800.75360968141 
-190.09734997239752 -413.4877030143854 
56847.95440162008 46061925.75458361 
214851.25233183522 -16144967.21830588 
27357.669432740804 111.25293669792208 