3031.2957565094953 -471901.55617296667 
1538.0542670012458 -322053.11113248166 
4051.4606659481956 -1710691.981074659 
-9370.921776346242 1061224.1174919473 
44496.006791760105 782460.643292328 
-213.16689651339485 12082.435335970076 
2266.520480617469 11843.338401596102 
397.21786141227574 4137.319308835041 
146023.78844056863 16499958.787583455 
6231.61105982967 2740696.157177926 
385.0817499869536 2003282.4488480852 
45960.67812512471 -44377998.659426495 
101.94309092136601 -140482.9493940801 
924.7119651841215 214464.18187682168 
-631.8916844324084 -1489547.400702573 
-264.07849843041527 87151.00443896427 
-518.8804367000101 50.635580751293006 
72643.96470713441 46146239.75105582 
241694.54268380714 -16174009.71282773 
30504.158007187503 -48.592658516940304 