2492.240142858955 -473424.3784327687 
1156.402974430151 -323218.88319948135 
3594.2751682551643 -1716264.682184554 
-8839.01403138183 1064695.8873420986 
42984.9124007044 784999.0928461463 
135.65024139279802 12671.665378200376 
2106.5485426302744 11882.239672250664 
-166.52808487060625 4105.072745046548 
142582.339665486 16552124.48569851 
6274.322802149323 2749907.238143479 
410.3451266379376 2010281.448513927 
50920.44986408779 -44528966.30572195 
162.64644820329386 -139905.53043526094 
1131.7071037588257 215162.5681782387 
-783.9934572729609 -1494550.2890478622 
249.6934775702321 87501.25526824713 
-43.97153364900916 342.0618286971581 
56847.95440162008 46297685.270785525 
214851.25233183522 -16226176.089243757 
27650.36604431724 125.15255367312756 