3005.000360721664 -474609.68863498926 
1517.4244674028082 -324126.2783439798 
4023.7524539667997 -1720602.272758219 
-9334.238483590076 1067398.188412797 
44352.09304023099 786974.9308893558 
5.648282247163211 12207.803430060972 
2241.9094132352166 11912.519025413152 
-77.51556703647616 4115.321652917345 
144647.2089305356 16592728.393202312 
6203.136564949901 2757076.813037511 
377.8636423723867 2015729.218702379 
45058.90144531324 -44646474.10428966 
388.904416254116 -139772.27990630266 
902.9230032288895 215706.167014434 
-645.1179255489782 -1498444.3578126652 
-172.48683697068975 87687.5589008444 
-543.2347394205925 29.04845127383004 
71741.3355468193 46415565.02888648 
240317.96369139833 -16266780.524712695 
30357.809701399285 118.20274518552482 