2978.704964933833 -477317.82109701185 
1496.7946678043706 -326199.4455554779 
3996.044241985404 -1730512.564441779 
-9370.921776346242 1073572.2593336466 
44496.006791760105 791489.2184863837 
224.46346100297828 12132.582573605034 
2217.298345852852 11981.699649281249 
-113.1205741701144 4115.821599642678 
143270.62942050255 16685497.99882117 
6288.560049589208 2773457.468897096 
385.0817499869536 2028175.9885566726 
45960.67812512471 -44914949.54915282 
-74.64849389878819 -138587.83076000697 
924.7119651841215 216948.15215204633 
-658.344166665548 -1507341.3149227574 
-52.27278130480013 88253.92194394008 
-518.8804367000446 50.63558075129808 
70838.7063865042 46684890.30671714 
241694.54268380714 -16359551.336597659 
30504.158007187503 -187.58882826899443 