-36.48424685585891 188.92584450317906 
136.84579605889468 157.13113995752457 
-3327.3248362832946 179405.20851600295 
-158.82357520270742 -211.22198158902756 
117.38442107085343 2.3118707173606605 
169.3529264600838 1206.9362564120995 
230.96061236405242 203.00137763445318 
177.8105340539342 -288.94975337897677 
100.80630715288946 -220.86771690610448 
-66.57490246196289 -392.6464403629059 
189.2219422186823 -79.93464311674327 
-15.63687607174014 149.04676261852043 
144.87691932218365 164.70863020941306 
-40161560.983230606 -76678202253.80745 
40162038.381176665 76678202749.44649 
247.0893134235816 700.4673838462921 
183.27266118408508 125.15897620100971 
-28.47202175771582 71.22658045439007 
247.63267942104653 237.04205109893866 
6396.8926182734995 -11584.048358890886 