2465.944747071124 -486635.5646866712 
1135.7731748317135 -333332.4941659589 
3566.5669562737685 -1764610.4374598437 
-9022.430495162662 1094815.093852119 
43416.653655291746 807021.3148328341 
27.529800117900802 12546.297284106187 
2032.7153404780704 12219.7261581363 
-178.39642058181295 4126.070507513375 
138452.60113538688 17004686.00391038 
6359.74628678863 2829817.6186573 
388.690803794237 2071001.0023431815 
48215.11982465338 -45838680.34535115 
151.60947415203356 -133864.8397891529 
1066.3402178931296 221221.39181691722 
-770.7672161563911 -1537952.6554840393 
-116.67316826866939 90020.08038096214 
-214.4516526929742 -391.90057353637104 
57750.583561935186 47611545.083110765 
224487.30527869693 -16678743.492029753 
28382.107573258334 97.35331972271672 