48.115299322483956 109.93215921702011 
-329.8665732684355 109.03784506112416 
6400.405202300243 311261.6107996092 
-138.44639861703217 -226.49570318873646 
78.48145474977709 -71.1924684759243 
-307.77969468079914 504.30998548449946 
241.17652509672592 195.22218211738826 
35.22293914108671 -179.5336451836714 
101.1665812428493 -220.8113235219336 
195.11170944458922 -728.2434280751382 
138.20959889100365 -274.20689079061043 
-15.627388881267034 182.01434457764606 
543.5732982732917 -690.5760289768928 
-304081951.28358126 -89273427138.0674 
212284033.22878897 89273427666.71219 
-328.9120942918852 -633.7267623148354 
176.76293558394553 160.3693585631308 
-11.575304106997407 70.81938641076984 
222.6803436267875 295.9990173117267 
1719.4170669663145 3599.0422078275033 