2439.6493512832926 -494084.93795757607 
1115.143375233276 -339035.2419554508 
3538.8587442923726 -1791871.0914380637 
-9132.48037343116 1111798.369055762 
43848.39490987909 819438.9546027 
246.34497886171562 12621.518140560293 
2057.326407859122 12410.024195217035 
-142.79141344816674 4126.57045423877 
139829.18064541992 17259871.239544448 
6445.169771427936 2874876.5740930126 
395.9089114088039 2105238.8529512854 
49116.89650446485 -46577186.984485134 
-311.9434360008708 -130252.26989295105 
1088.1291798483617 224637.77229931077 
-783.9934572729609 -1562425.8876533436 
37.88776044461725 91748.97809146476 
-238.8059554135489 -413.48770301354546 
56847.95440162008 48352389.39334525 
225863.88427110575 -16933932.045789436 
28528.455879046553 0.05600089627870733 