-323.2050150515735 61.57630100358931 
-49.81926287718273 79.60055391846001 
-4047.897431733927 391973.71159139246 
-125.9730969071196 -186.9389316627115 
54.667814053327696 -116.18622877525695 
100.48830464799958 1600.4073194483506 
219.22597601867864 190.45941787671046 
-52.04764181961253 -55.364437968498876 
101.3819280320806 -220.78248898629136 
-193.45332560308043 -917.9286735478902 
106.97912259791381 -268.3198248067786 
-15.626761647339057 202.18904934084566 
534.7131337224696 -1214.1129490682047 
-384405548.33151406 -96983231461.15985 
384406028.07640135 96983232010.00816 
72.3028617975862 -1259.9808439981718 
172.79398093974072 181.9321594593181 
-1.2317975137955341 70.57027763622231 
202.19226673393314 339.02046037314847 
12873.39721042797 2799.9321779247875 