2518.5355386467863 -497468.09453476156 
1177.0327740285886 -341625.16301195143 
3621.98338023656 -1804251.6041940837 
-9242.53025169966 1119511.3775355178 
44567.963667524666 825078.4652209454 
243.77068264387134 12696.738997014847 
2131.159610010433 12496.448654378912 
153.91697933228443 4097.073597439605 
143958.91917551905 17375764.42638581 
6530.593256067243 2895340.2420956395 
403.12701902337074 2120788.081760363 
50018.67318427632 -46912582.124803804 
-300.9064619496113 -127735.31545707276 
1109.9181418035937 226189.33236736653 
-770.7672161563911 -1573540.4839244084 
158.10181611050686 92374.95829699156 
-214.45165269297644 -391.9005735359921 
57750.583561935186 48688846.194433406 
229993.6212483322 -17049826.73956781 
29260.197407987645 -194.53863675659713 