3005.000360721664 -498315.8926794007 
1517.4244674028082 -342274.1812339486 
4023.7524539667997 -1807354.0842315187 
-9701.071411151739 1121444.209826763 
45791.23055552214 826491.6917535461 
5.648282234110377 12207.803430058519 
2241.909413239551 12518.106090109375 
-77.51556703647192 4115.321652917065 
144647.2089305356 17404806.54327836 
6487.881513747589 2900468.3109181505 
377.8636423723867 2124684.6224714266 
45058.90144531324 -46996630.075643755 
388.90441625411484 -127631.6761567719 
902.9230032288895 226578.14373834012 
-645.1179255489782 -1576325.7331087252 
67.9412743610897 92665.5919638433 
-543.2347394207211 29.048451273880058 
71741.3355468193 48773160.190905616 
254083.7536154865 -17078869.234089468 
31821.29275928147 118.20274518552482 