2465.944747071124 -500859.28711331805 
1135.7731748317135 -344221.2358999402 
3566.5669562737685 -1816661.5243438235 
-9242.53025169966 1127242.7067004987 
44280.136164466436 830731.3713513482 
248.91927508254636 12646.591759378098 
2032.7153404723035 12583.07839729786 
-178.39642058180604 4126.070507513283 
138452.60113538688 17491932.89395601 
6530.593256067243 2915852.5173856835 
388.690803794237 2136374.244604617 
48215.11982465338 -47248773.92816361 
151.60947415203287 -126580.47753943449 
1066.3402178931296 227744.5778512609 
-770.7672161563911 -1584681.4806616753 
246.83123814961596 93075.45995555728 
-214.45165269297922 -391.9005735358794 
57750.583561935186 49026102.180322245 
232746.77923314983 -17165996.717654444 
29260.197407987645 97.35331972271672 