2465.944747071124 -501534.31122848095 
1135.7731748317135 -344737.9897449427 
3566.5669562737685 -1819131.7454162836 
-9242.53025169966 1128781.6442594049 
44567.963667524666 831856.5943725659 
60.99565097054126 12320.634714740812 
2081.9374752409008 12600.322232381935 
331.9420150005426 4104.572798320674 
141205.76015545297 17515056.475178514 
6587.54224582678 2919935.5295287254 
403.12701902337074 2139476.7035593973 
50018.67318427632 -47315693.62361912 
-124.31487712945761 -125840.1968229997 
1109.9181418035937 228054.15278170432 
-797.2196983895307 -1586899.119822648 
6.403126817836749 93045.65137434172 
-214.4516526929788 -391.9005735358531 
55945.32524130498 49093233.70357974 
229993.6212483322 -17189120.599548467 
29260.197407987645 -55.54246700454294 