2465.944747071124 -503904.9316329221 
1135.7731748317135 -346552.7800339396 
3566.5669562737685 -1827806.9265636136 
-9315.896837211993 1134186.2464008015 
44567.963667524666 835808.2704589849 
138.2245375944422 12596.444521741596 
2081.937475240437 12660.880938914328 
-332.6847848276389 4140.069015824711 
141205.76015545297 17596264.29018612 
6587.54224582678 2934274.6793167894 
403.12701902337074 2150372.2439363045 
50018.67318427632 -47550709.22075453 
-124.31487712945773 -124626.13644804664 
1109.9181418035937 229141.35045409494 
-797.2196983895307 -1594687.257352254 
246.831238149616 93746.15303290743 
-19.61723092837419 320.47469921906736 
55945.32524130498 49328993.21978165 
232746.77923314983 -17270329.470485806 
29260.197407987645 -69.44208397974842 