3005.000360721664 -507798.37429716525 
1517.4244674028082 -349533.34238993615 
4023.7524539667997 -1842054.8088208386 
-9847.804582176404 1143062.6183923495 
46366.8855616386 842298.3960992222 
221.88916477053596 12157.656192423561 
2241.909413241588 12760.34091622637 
-77.51556703647239 4115.321652916949 
144647.2089305356 17729637.803308778 
6601.779493266665 2957824.9100704063 
377.8636423723867 2168266.7839790555 
45058.90144531324 -47936692.464185394 
388.9044162541144 -122775.43465695967 
902.9230032288895 230926.93442790257 
-645.1179255489782 -1607478.2832271492 
-55.13502072541615 94588.24545224707 
-543.2347394207702 29.04845127390093 
71741.3355468193 49716198.25571327 
259590.06958512176 -17403704.717838828 
32406.68598243434 118.20274518552482 