2465.944747071124 -507971.1483266415 
1135.7731748317135 -349665.60676693084 
3566.5669562737685 -1842687.0677858135 
-9315.896837211993 1143456.5131246885 
44567.963667524666 842586.3996106053 
166.54179602012883 12420.929190014498 
2032.7153404691899 12764.754516870062 
177.653650754698 4118.571306632127 
138452.60113538688 17735556.338978823 
6587.54224582678 2958869.9667498753 
388.690803794237 2169060.8657353385 
48215.11982465338 -47953820.71956984 
151.60947415203253 -122938.29641457532 
1066.3402178931296 231006.17086843273 
-770.7672161563911 -1608045.8932504933 
-116.67316826866916 94416.84611025758 
-19.617230928361252 320.4746992189852 
57750.583561935186 49733380.728927985 
235499.93721796747 -17409623.330466464 
29552.89401956408 83.45370274751127 