2978.704964933833 -508135.8863547467 
1496.7946678043706 -349791.7193124374 
3996.044241985404 -1843289.9193570686 
-9811.121289420238 1143832.0871718025 
46222.971810109484 842861.007609831 
113.7687234925167 12182.729811241754 
2217.2983458567423 12768.962833762598 
112.37780434300345 4128.820214503037 
143270.62942050255 17741199.59392003 
6630.253988146434 2959866.4161419272 
385.0817499869536 2169818.0134564457 
45960.67812512471 -47970152.31191315 
-74.64849389878967 -122805.04588561706 
924.7119651841215 231081.72189312428 
-658.344166665548 -1608587.1028076354 
-175.34907639130574 94573.34116163928 
284.8115530788546 -122.06145506797776 
70838.7063865042 49749764.017342016 
258213.49059271294 -17415266.65878584 
32260.337676646122 -201.48844524419988 