2439.6493512832926 -508308.6603842229 
1115.143375233276 -349923.9836894321 
3538.8587442923726 -1843922.1783220435 
-9352.580129968159 1144225.9819041416 
44711.87741905378 843149.0111212141 
58.42135474461547 12395.85557119633 
2057.326407854052 12773.376434405776 
-142.7914134481635 4126.570454238684 
139829.18064541992 17747118.129590075 
6616.016740706549 2960911.4728213963 
395.9089114088039 2170612.0952127287 
49116.89650446485 -47987280.56729759 
-311.9434360008715 -122967.90764323271 
1088.1291798483617 231160.95833365445 
-783.9934572729609 -1609154.7128309796 
-236.88722393455876 94401.9418196498 
-238.8059554135589 -413.48770301303034 
56847.95440162008 49766946.49055673 
234123.35822555865 -17421185.271413475 
29406.54571377586 0.05600089627870732 