3057.5911522973265 -509493.9705864435 
1558.6840665996833 -350831.37883393053 
4079.1688779295914 -1848259.7688957085 
-9994.53775320107 1146928.28297484 
46942.54056775506 845124.8491644236 
-244.05845118851474 12859.717519332964 
2291.131548012085 12803.655787650992 
-101.25223845890011 4136.819362109526 
147400.36795060168 17787722.037093878 
6715.67747278574 2968081.0477154283 
392.29985760152044 2176059.8654011823 
46862.45480493618 -48104788.3658653 
-361.6098192315398 -121028.37216617356 
946.5009271393535 231704.55716984975 
-645.1179255489782 -1613048.7815957826 
96.56366856725407 94677.67119589375 
309.1658557994357 -143.64858454537517 
71741.3355468193 49884826.24865769 
262343.2275699394 -17461789.706882145 
32699.382594010778 -34.693041541734864 