2978.704964933833 -510852.0548181403 
1496.7946678043706 -351871.03835542366 
3996.044241985404 -1853229.6184343484 
-9884.48787493257 1150024.4787778773 
46798.626816225944 847388.6907190162 
190.99761012476944 12834.64390051456 
2266.5204806274223 12838.348741534437 
397.21786141222697 4114.82170619144 
146023.78844056863 17834244.480267726 
6744.151967665509 2976295.6792889293 
399.5179652160873 2182301.717345919 
47764.231484747645 -48239424.41981745 
-350.57284518028024 -121117.20585214574 
968.2898890945855 232327.39244657522 
-684.7966488986875 -1617510.4603839298 
-52.272781304799686 95094.99133291162 
284.8115530788723 -122.06145506793987 
69033.44806587399 50019888.47997336 
258213.49059271294 -17508312.754978452 
32553.03428822256 229.3996809871682 