3031.2957565094953 -512202.1030484661 
1538.0542670012458 -352904.54604542867 
4051.4606659481956 -1858170.0605792685 
-9957.854460444903 1153102.3538956896 
46798.626816225944 849639.1367614515 
-107.62075150609506 12082.435335970007 
2266.520480627695 12872.836411656364 
-397.9606312393391 4107.322505310264 
146023.78844056863 17880491.642712735 
6687.202977905971 2984461.703575013 
385.0817499869536 2188506.6352554797 
45960.67812512471 -48373263.81072846 
101.94309092136407 -119843.9230198779 
924.7119651841215 232946.54230746208 
-631.8916844324084 -1621945.738705875 
-23.650387098635534 95244.03423898944 
284.8115530788794 -122.06145506792392 
72643.96470713441 50154151.52648835 
263719.8065623482 -17554560.518766496 
32845.730899799 -62.49227549214567 