3005.000360721664 -515930.807684604 
1517.4244674028082 -355758.9958559187 
4023.7524539667997 -1871815.0912652384 
-9994.53775320107 1161603.1518401236 
47230.36807081329 855854.6544024631 
-215.7411927917421 12157.656192425356 
2291.1315480141634 12968.08807194874 
76.7727972093644 4107.822452035574 
147400.36795060168 18008221.900894187 
6829.575452304815 3007015.484936578 
406.73607283065417 2205644.0275771236 
48666.00816455911 -48742915.46181602 
112.98006497262352 -118659.47387358223 
990.0788510498176 234656.57525657816 
-671.5704077821177 -1634195.555023628 
219.6399636537601 95989.2487693785 
-543.2347394208126 72.22271022871779 
69936.0772261891 50524973.274005935 
262343.2275699394 -17682292.437800143 
32992.079205587215 -159.7895943185836 