3005.000360721664 -517280.8559149298 
1517.4244674028082 -356792.5035459237 
4023.7524539667997 -1876755.5334101585 
-9994.53775320107 1164681.026957936 
46942.54056775506 858105.1004448984 
82.87716884286942 12859.717519332979 
2241.909413243266 13002.57574203801 
-77.51556703646949 4115.321652916798 
144647.2089305356 18054469.063339196 
6715.67747278574 3015181.509222662 
377.8636423723867 2211848.9454866843 
45058.90144531324 -48876754.85272703 
388.9044162541139 -117919.19315714744 
902.9230032288895 235275.72511746502 
-645.1179255489782 -1638630.8333455732 
-172.4868369706893 96481.09035943527 
-543.2347394208202 29.048451273921565 
71741.3355468193 50659236.32052092 
265096.385554757 -17728540.201588187 
32992.079205587215 118.20274518552482 