2518.5355386467863 -518803.67817473185 
1177.0327740285886 -357958.2756129234 
3621.98338023656 -1882328.2345200535 
-9609.363179261323 1168152.7968080873 
45719.273679757585 860643.5499987167 
-49.699086552265236 12270.487477107858 
2131.1596100079146 13041.47701274907 
-154.65974915937534 4147.568216705769 
143958.91917551905 18106634.76145425 
6815.338204864931 3024392.590188215 
403.12701902337074 2218847.945152528 
50018.67318427632 -49027722.49902249 
-300.9064619496123 -116808.77208249526 
1109.9181418035937 235974.11141888204 
-770.7672161563911 -1643633.7216908624 
158.1018161105071 96771.724026287 
-19.617230928337307 320.4746992187654 
57750.583561935186 50810681.840250626 
243759.41117242037 -17780706.57800387 
30430.983854293394 -180.63901978139177 