2492.240142858955 -519486.73829126573 
1156.402974430151 -358481.181289414 
3594.2751682551643 -1884827.8629862333 
-9572.679886505157 1169710.0550522185 
45575.35992822847 861782.1685320917 
-268.514265346382 12345.708333562181 
2057.3264078506645 13058.926131531642 
320.0736792893191 4126.570454238522 
139829.18064541992 18130033.623405594 
6729.9147202256245 3028524.209618674 
381.47269617967015 2221987.3381424844 
47313.343144841914 -49095438.857519135 
339.23803302344555 -116098.10259471786 
1044.5512559378976 236287.37176516408 
-757.5409750398213 -1645877.761318037 
126.61718248372651 96905.86264175703 
4.737071792246846 342.0618286961448 
58653.21272225029 50878612.548308805 
245135.99016482919 -17804105.744206153 
30577.332160081613 -152.83978583098096 