224.54863505653134 -184.04924462052554 
168.02667432725863 -69.89164472426039 
-6569.90151581114 801927.253236786 
-62.74585802609012 13.989418809224574 
-66.2554475437848 -167.41750482546786 
-32.326474996929015 1010.1992621454924 
107.42197748736476 166.46588480099285 
-30.451553149537105 4.8734652680704205 
102.45905990061055 -220.70416392892923 
131.67252202735312 -1710.7157401690156 
-51.66152101895614 -283.6273414621594 
-15.623187798496582 200.3913109076462 
649.8952662171879 -3873.2658203362266 
-441779546.2228947 -136142930646.76805 
349981629.1068789 136142931298.23425 
-50.84231160297957 -3683.3118624781755 
152.9497526999724 216.71068000390702 
51.29913780200299 69.30311995743848 
98.12943975376804 327.86679805424154 
8915.533288554481 2000.8221480220693 