2492.240142858955 -520836.78652159154 
1156.402974430151 -359514.688979419 
3594.2751682551643 -1889768.3051311534 
-9572.679886505157 1172787.9301700308 
45863.1874312867 864032.6145745269 
135.65024137952568 12671.665378197655 
2106.548542622085 13093.413801590339 
-166.52808487058982 4105.072745045745 
142582.339665486 18176280.785850603 
6843.8126997447 3036690.233904758 
410.3451266379376 2228192.256052045 
50920.44986408779 -49229278.24843015 
162.64644820329158 -115624.32293619959 
1131.7071037588257 236906.52162605093 
-783.9934572729609 -1650313.0396399822 
-208.26482972839452 97338.08706938269 
-43.971533648913486 342.06182869611655 
56847.95440162008 51012875.59482379 
242382.83218001155 -17850353.507994197 
30577.332160081613 125.15255367312756 