2439.6493512832926 -522532.3828108698 
1115.143375233276 -360812.7254234134 
3538.8587442923726 -1895973.2652060234 
-9572.679886505157 1176653.5947525213 
45575.35992822847 866859.0676397283 
-157.81952784961234 12446.002808835352 
2057.326407849879 13136.728672895317 
-142.79141344815926 4126.570454238554 
139829.18064541992 18234365.019635703 
6786.863709985162 3046946.37154978 
395.9089114088039 2235985.337474172 
49116.89650446485 -49397374.15011005 
-311.94343600087217 -115683.54539351437 
1088.1291798483617 237684.14436799812 
-783.9934572729609 -1655883.5380086156 
126.61718248372657 97457.32139424494 
-238.8059554135714 -413.4877030125163 
56847.95440162008 51181503.58776821 
242382.83218001155 -17908438.497037515 
30284.635548505175 0.05600089627870732 