3005.000360721664 -523042.66889792745 
1517.4244674028082 -361203.3667229093 
4023.7524539667997 -1897840.6347072283 
-10141.270924225735 1177816.9582643134 
47518.19557387152 867709.6826617202 
-238.90985881750743 12960.011994605942 
2291.1315480160324 13149.764191032586 
-77.51556703646055 4136.8193621094815 
147400.36795060168 18251845.345917 
6886.524442064353 3050032.93430077 
406.73607283065417 2238330.6487078452 
48666.00816455911 -49447962.25322225 
112.98006497262318 -115017.29274872306 
990.0788510498176 237918.16827375 
-671.5704077821177 -1657559.967612446 
-55.135020725416034 97613.81644562664 
309.1658557995337 -143.6485845451639 
69936.0772261891 51232251.822611675 
267849.54353957466 -17925919.050612163 
33284.77581716365 -173.68921129378907 