2492.240142858955 -523207.4069260327 
1156.402974430151 -361329.4792684159 
3594.2751682551643 -1898443.4862784834 
-9646.04647201749 1178192.5323114274 
45863.1874312867 867984.2906609459 
-186.13678628294952 12721.812615834193 
2106.548542621639 13153.972507911427 
165.7853150434895 4139.569069099225 
142582.339665486 18257488.600858208 
6843.8126997447 3051029.383692822 
410.3451266379376 2239087.7964289524 
50920.44986408779 -49464293.84556556 
162.64644820329147 -114410.26256124653 
1131.7071037588257 237993.71929844155 
-783.9934572729609 -1658101.1771695882 
-113.81092884805263 97457.32139424494 
-190.09734997240545 -413.48770301249897 
56847.95440162008 51248635.111025706 
245135.99016482919 -17931562.378931537 
30577.332160081613 111.25293669792208 