2492.240142858955 -524227.979100148 
1156.402974430151 -362110.76186740777 
3594.2751682551643 -1902178.2252808933 
-9646.04647201749 1180519.2593350117 
45863.1874312867 869685.5207049297 
140.79883382330462 12671.665378198204 
2057.3264078496554 13180.043544182809 
320.07367928931404 4126.57045423848 
139829.18064541992 18292449.253420804 
6786.863709985162 3057202.509194802 
381.47269617967015 2243778.418896299 
47313.343144841914 -49565470.051789954 
339.2380330234453 -113669.98184481174 
1044.5512559378976 238461.7671099453 
-757.5409750398213 -1661454.036377249 
-85.18853464188842 97949.16298430171 
4.737071792258542 342.0618286960397 
58653.21272225029 51350131.58071263 
247889.14814964682 -17966523.486080833 
30870.02877165805 -152.83978583098096 