2492.240142858955 -525578.0273304738 
1156.402974430151 -363144.2695574128 
3594.2751682551643 -1907118.6674258134 
-9646.04647201749 1183597.134452824 
46151.01493434493 871935.966747365 
-47.124790345980614 12295.561095928018 
2106.5485426213268 13214.531214195937 
-166.52808487058854 4105.072745045665 
142582.339665486 18338696.415865812 
6900.761689504237 3065368.533480886 
410.3451266379376 2249983.3368058596 
50920.44986408779 -49699309.44270097 
162.64644820329136 -113196.20218629348 
1131.7071037588257 239080.91697083216 
-783.9934572729609 -1665889.3146991942 
126.61718248372662 98157.82305281065 
-43.97153364890482 342.06182869601247 
56847.95440162008 51484394.62722762 
245135.99016482919 -18012771.249868877 
30870.02877165805 125.15255367312756 