2492.240142858955 -526598.5995045891 
1156.402974430151 -363925.55215640465 
3594.2751682551643 -1910853.4064282232 
-9646.04647201749 1185923.8614764083 
45863.1874312867 873637.1967913487 
-186.13678630179325 12571.370902926565 
2057.3264078490597 13240.602250446202 
-320.81644911641627 4118.07135990647 
139829.18064541992 18373657.06842841 
6786.863709985162 3071541.658982866 
381.47269617967015 2254673.959273206 
47313.343144841914 -49800485.648925364 
339.2380330234452 -112455.92146985869 
1044.5512559378976 239548.9647823359 
-757.5409750398213 -1669242.173906855 
-236.8872239345586 98187.63163402621 
-238.80595541357434 -413.48770301236914 
58653.21272225029 51585891.096914545 
247889.14814964682 -18047732.357018173 
30870.02877165805 -166.73940280618635 