2439.6493512832926 -527273.623619752 
1115.143375233276 -364442.30600140715 
3538.8587442923726 -1913323.6275006833 
-9646.04647201749 1187462.7990353145 
45863.1874312867 874762.4198125664 
30.10409630031154 12571.370902926583 
2057.3264078490315 13257.846085443582 
-142.79141344815773 4126.570454238522 
139829.18064541992 18396780.649650913 
6843.8126997447 3075624.671125908 
395.9089114088039 2257776.4182279864 
49116.89650446485 -49867405.34438087 
-311.9434360008724 -113255.42464360826 
1088.1291798483617 239858.53971277934 
-783.9934572729609 -1671459.8130678276 
-85.18853464188837 98679.47322408299 
-238.80595541357528 -413.4877030123439 
56847.95440162008 51653022.62017204 
245135.99016482919 -18070856.238912195 
30577.332160081613 0.05600089627870732 