3031.2957565094953 -528121.4217643911 
1538.0542670012458 -365091.32422340434 
4051.4606659481956 -1916426.1075381183 
-10251.320802494234 1189395.6313265597 
47949.93682845886 876175.6463451671 
219.31486858767883 12082.435335975937 
2315.74261540339 13279.503521059736 
88.64113292057809 4150.317923695542 
148776.94746063472 18425822.766543463 
6971.9479267036595 3080752.739948419 
399.5179652160873 2261672.95893905 
47764.231484747645 -49951453.29522082 
-74.64849389879058 -111819.28005372477 
968.2898890945855 240247.35108375293 
-658.344166665548 -1674245.0622521443 
216.77772423314386 98508.07388209351 
-518.8804367002916 50.63558075132147 
70838.7063865042 51737336.61664425 
271979.2805168011 -18099898.733433854 
33723.82073452831 104.30312821031939 