2978.704964933833 -529817.0180536694 
1496.7946678043706 -366389.3606673987 
3996.044241985404 -1922631.0676129882 
-10177.954216981901 1193261.2959090502 
47949.93682845886 879002.0994103685 
-241.48415507999226 12934.938375788293 
2266.5204806313163 13322.818392271387 
397.21786141220934 4114.821706191198 
146023.78844056863 18483907.000328563 
6971.9479267036595 3091008.877593441 
399.5179652160873 2269466.0403611767 
47764.231484747645 -50119549.196900725 
-350.57284518028115 -111404.72285252128 
968.2898890945855 241024.97382570012 
-684.7966488986875 -1679815.5606207778 
-264.0784984304146 99119.14979701253 
284.81155307899985 -122.06145506767811 
69033.44806587399 51905964.60958867 
269226.1225319835 -18157983.72247717 
33723.82073452831 229.3996809871682 