3031.2957565094953 -531167.0662839952 
1538.0542670012458 -367422.8683574037 
4051.4606659481956 -1927571.5097579083 
-10251.320802494234 1196339.1710268625 
47949.93682845886 881252.5454528037 
190.99761015429186 12934.938375788195 
2266.520480631485 13357.3060622293 
-397.96063123932237 4107.322505309944 
146023.78844056863 18530154.162773572 
6914.998936944122 3099174.901879525 
385.0817499869536 2275670.9582707374 
45960.67812512471 -50253388.58781174 
101.94309092136317 -110131.44002025345 
924.7119651841215 241644.12368658697 
-631.8916844324084 -1684250.8389427229 
216.7777242331439 99059.53263458141 
284.811553079007 -122.06145506766185 
72643.96470713441 52040227.656103656 
274732.43850161874 -18204231.486265216 
34016.517346104745 -62.49227549214567 