2465.944747071124 -531677.3523710528 
1135.7731748317135 -367813.50965689967 
3566.5669562737685 -1929438.8792591132 
-9682.729764773656 1197502.5345386546 
46007.101182815815 882103.1604747956 
166.54179604621112 12420.929190019713 
2032.7153404617538 13370.34158033408 
177.6536507546881 4118.571306631817 
138452.60113538688 18547634.48905487 
6872.287194624469 3102261.464630515 
388.690803794237 2278016.2695044107 
48215.11982465338 -50303976.69092394 
151.6094741520314 -110797.69266504476 
1066.3402178931296 241878.14759233885 
-770.7672161563911 -1685927.2685465533 
129.47942190434316 99365.07059204092 
-19.617230928306803 320.4746992185043 
57750.583561935186 52090975.89094712 
249265.72714205564 -18221712.039839864 
31016.37707744627 83.45370274751127 