3005.000360721664 -532525.150515692 
1517.4244674028082 -368462.52787889686 
4023.7524539667997 -1932541.3592965482 
-10288.0040952504 1199435.3668298998 
48093.85057998798 883516.3870073963 
-105.0464553481533 12107.50895479505 
2291.1315480181847 13391.999015918582 
-77.51556703645844 4136.819362109474 
147400.36795060168 18576676.60594742 
7000.422421583428 3107389.533453026 
406.73607283065417 2281912.810215474 
48666.00816455911 -50388024.64176389 
112.98006497262273 -110161.05124891084 
990.0788510498176 242266.95896331244 
-671.5704077821177 -1688712.51773087 
-172.48683697068907 99506.66135281484 
309.16585579959997 -143.64858454501694 
69936.0772261891 52175289.88741933 
273355.8595092099 -18250754.534361523 
33870.16904031653 -173.68921129378907 