2978.704964933833 -534558.2588625517 
1496.7946678043706 -370018.9412453925 
3996.044241985404 -1939981.4299076481 
-10251.320802494234 1204070.5001918434 
48237.76433151709 886905.4515832065 
190.9976101605148 12834.64390051649 
2266.520480632024 13443.935804553475 
397.21786141220565 4114.821706191163 
146023.78844056863 18646322.630343772 
7028.896916463197 3119687.177169569 
399.5179652160873 2291257.121114991 
47764.231484747645 -50589580.391171545 
-350.5728451802814 -108976.60210261517 
968.2898890945855 243199.36917048134 
-684.7966488986875 -1695391.8356799898 
188.15533002697975 100132.64155834165 
284.8115530790315 -122.06145506761172 
69033.44806587399 52377483.641992494 
271979.2805168011 -18320401.46435185 
34016.517346104745 229.3996809871682 