2978.704964933833 -536583.3312080404 
1496.7946678043706 -371569.2027804 
3996.044241985404 -1947392.0931250283 
-10251.320802494234 1208687.3128685618 
47949.93682845886 890281.1206468594 
-246.63274755942427 12884.79113815296 
2217.2983458592917 13495.667309401706 
112.37780434299677 4128.820214502849 
143270.62942050255 18715693.374011286 
6971.9479267036595 3131936.2135986947 
385.0817499869536 2300564.497979332 
45960.67812512471 -50790339.477538064 
-74.64849389879103 -108236.32138618038 
924.7119651841215 244128.09396181162 
-658.344166665548 -1702044.7531629074 
-23.650387098635306 100371.11020806615 
284.811553079047 -122.06145506758519 
70838.7063865042 52578878.21176498 
274732.43850161874 -18389773.11003392 
34016.517346104745 -201.48844524419988 