2465.944747071124 -538789.2135843763 
1135.7731748317135 -373257.8805238903 
3566.5669562737685 -1955464.4227011031 
-9829.462935798321 1213716.3409628444 
46582.756188932275 893958.1887340527 
55.84705850897023 12471.076427657132 
2032.7153404604044 13552.017698578853 
-178.3964205817914 4126.070507513023 
138452.60113538688 18791257.934077684 
6986.185174143544 3145278.9139947067 
388.690803794237 2310702.8906351323 
48215.11982465338 -51009023.482330166 
151.60947415203105 -107155.51154018559 
1066.3402178931296 245139.74060951069 
-770.7672161563911 -1709291.6811353713 
-234.0249845139421 100706.45674674123 
-214.45165269299923 -391.900573534569 
57750.583561935186 52798254.43955286 
254772.0431116909 -18465338.652651884 
31601.770300599143 97.35331972271672 