88.54177908174259 -160.63169542763063 
128.03946813507883 -174.55114009536976 
-24223.930104351653 1103199.1542120518 
-14.232951228907158 161.30413650182206 
-14.428981402597856 45.78203913841833 
208.7017312628618 307.57452942445656 
25.220498950566288 148.8952258485292 
239.91892617634971 -207.79710186557423 
103.213638735505 -220.51370661807368 
-288.6121145133766 -2503.5028066712575 
-248.02672176540108 -309.01081061635665 
-17.442933623681874 125.07480367827023 
641.0351021722396 -5827.45808586772 
-522103143.2708276 -164921111139.898 
522103623.95449126 164921111866.77484 
-269.3256952053408 -5289.789728095722 
138.42673974526633 136.36378953549493 
89.9035190217271 68.37191385318428 
21.655294778504953 370.8879224877209 
20069.513432016134 12389.252536757362 