3031.2957565094953 -539974.5237865968 
1538.0542670012458 -374165.27566838876 
4051.4606659481956 -1959802.0132747681 
-10398.0539735189 1216418.6420335427 
48813.41933763355 895934.0267772622 
-241.48415512975896 12934.938375789276 
2315.742615405781 13582.297051578931 
-89.38390274767366 4094.323890448938 
148776.94746063472 18831861.841581486 
7085.845906222735 3152448.4888887387 
399.5179652160873 2316150.660823586 
47764.231484747645 -51126531.28089787 
-74.64849389879114 -105748.97817895949 
968.2898890945855 245683.339445706 
-658.344166665548 -1713185.7499001743 
99.42590798787072 101011.99470420074 
284.81155307906755 -122.06145506753825 
70838.7063865042 52916134.197653815 
277485.5964864364 -18505943.088120554 
34601.91056925762 90.40351123511402 