2518.5355386467863 -540484.8098736545 
1177.0327740285886 -374555.9169678847 
3621.98338023656 -1961669.382775973 
-9902.829521310654 1217582.005545335 
46870.583691990505 896784.6417992541 
-78.01634503459817 12646.59175938288 
2081.9374752333533 13595.332569648104 
-154.65974915936965 4104.572798320042 
141205.76015545297 18849342.167862784 
6986.185174143544 3155535.0516397287 
388.690803794237 2318495.972057259 
48215.11982465338 -51177119.38401007 
-124.31487712945949 -105141.94799148296 
1066.3402178931296 245917.36335145787 
-744.3147339232515 -1714862.1795040048 
246.83123814961635 101317.53266166025 
-19.617230928286425 320.4746992183244 
59555.84188256539 52966882.43249728 
257525.20109650854 -18523423.6416952 
31894.46691217558 222.4498724995655 