2465.944747071124 -544205.4785084215 
1135.7731748317135 -377404.2149468866 
3566.5669562737685 -1975285.0060682232 
-9902.829521310654 1226064.4828045438 
47158.411195048735 902986.7639281084 
27.52980006662628 12646.591759383404 
2081.937475233066 13690.378945422692 
331.94201500050923 4104.5727983199695 
141205.76015545297 18976797.145315398 
7100.083153662619 3178040.2257138765 
403.12701902337074 2335596.430343727 
50018.67318427632 -51545974.37205649 
-124.31487712945966 -103987.11007384468 
1109.9181418035937 247623.71088473534 
-797.2196983895307 -1727085.5953555559 
6.403126817837204 101839.1828329326 
-214.4516526929995 -391.9005735343781 
55945.32524130498 53336904.99521418 
254772.0431116909 -18650880.276420586 
31894.46691217558 -55.54246700454294 