2465.944747071124 -545901.0747976997 
1135.7731748317135 -378702.25139088096 
3566.5669562737685 -1981489.966143093 
-9902.829521310654 1229930.1473870343 
46870.583691990505 905813.2169933098 
-49.699086604107706 12471.076427658409 
2032.7153404594492 13733.693816419298 
177.65365075468344 4118.571306631735 
138452.60113538688 19034881.379100498 
7043.134163903082 3188296.3633588986 
388.690803794237 2343389.511765854 
48215.11982465338 -51714070.273736395 
151.6094741520307 -103513.33041532642 
1066.3402178931296 248401.33362668252 
-770.7672161563911 -1732656.0937241893 
35.0255210240014 102360.83300420493 
-19.617230928271173 320.4746992182165 
57750.583561935186 53505532.9881586 
257525.20109650854 -18708965.265463904 
31894.46691217558 83.45370274751127 