2492.240142858955 -547934.1831445594 
1156.402974430151 -380258.6647573766 
3594.2751682551643 -1988930.036754193 
-10012.879399579153 1234565.2807489778 
47302.32494657785 909202.28156912 
140.7988338474876 12671.665378201891 
2057.3264078460593 13785.630604838258 
320.07367928929904 4126.570454238349 
139829.18064541992 19104527.40349685 
7071.60865878285 3200594.0070754415 
381.47269617967015 2352733.822665371 
47313.343144841914 -51915626.02314405 
339.2380330234442 -101529.37809528118 
1044.5512559378976 249333.74383385142 
-757.5409750398213 -1739335.411673309 
-236.88722393455836 102584.39736332165 
4.737071792323187 342.06182869552146 
58653.21272225029 53707726.742731765 
261654.938073735 -18778612.195454232 
32333.511829540235 -152.83978583098096 