2518.5355386467863 -549621.7434324666 
1177.0327740285886 -381550.54936988285 
3621.98338023656 -1995105.5894353432 
-10049.56269233532 1238412.6246462432 
47734.066201165195 912015.3391221641 
-155.24523172618336 12270.487477116036 
2131.159610006147 13828.74019203588 
153.91697933226473 4097.073597438528 
143958.91917551905 19162336.35655311 
7157.032143422157 3210801.5374330464 
403.12701902337074 2360489.970052322 
50018.67318427632 -52082925.26178282 
-300.9064619496138 -101025.98720810552 
1109.9181418035937 250107.68115996 
-770.7672161563911 -1744879.5095757404 
246.83123814961652 103210.37756884846 
-214.45165269300117 -391.9005735341884 
57750.583561935186 53875555.5508755 
260278.35908132617 -18836421.900189288 
32479.860135328454 -194.53863675659713 