3057.5911522973265 -552165.137866384 
1558.6840665996833 -383497.6040358744 
4079.1688779295914 -2004413.029547648 
-10654.837022812064 1244211.1215199789 
49532.98809527913 916255.0187199662 
111.19442729138888 12107.508954800385 
2291.131548020267 13893.712498419902 
-101.25223845888912 4136.819362109375 
147400.36795060168 19249462.70723076 
7228.218380621579 3226185.7439005794 
392.29985760152044 2372179.592185512 
46862.45480493618 -52335069.11430267 
-361.60981923154185 -99175.28541701855 
946.5009271393535 251274.11527288076 
-645.1179255489782 -1753235.2571286906 
96.56366856725452 103471.20265448463 
309.1658557997411 -143.64858454471417 
71741.3355468193 54128497.54029213 
287121.6494332981 -18923549.383754265 
35333.65209819871 -34.693041541734864 