2978.704964933833 -555893.8425025219 
1496.7946678043706 -386352.05384636443 
3996.044241985404 -2018058.060233618 
-10618.153730055898 1252711.9194644128 
49389.07434375001 922470.5363609778 
3.073985945257082 12132.582573618834 
2266.520480633731 13988.964157615179 
-397.96063123928553 4129.8201079535065 
146023.78844056863 19377192.965412214 
7256.692875501348 3248739.5252621444 
399.5179652160873 2389316.984507156 
47764.231484747645 -52704720.76539023 
-350.5728451802824 -98050.05872803766 
968.2898890945855 252984.14822199685 
-684.7966488986875 -1765485.0734464438 
188.15533002697998 104529.40728763709 
-518.880436700435 50.63558075133999 
69033.44806587399 54499319.287809715 
285745.0704408893 -19051281.30278791 
35187.303792410494 215.50006401196273 