3057.5911522973265 -556906.3786752663 
1558.6840665996833 -387127.1846138682 
4079.1688779295914 -2021763.391842308 
-10728.203608324397 1255020.325802772 
49820.81559833736 924158.3708928042 
-244.058451419044 12859.717519337237 
2291.13154802062 14014.829909879385 
-101.25223845888767 4136.819362109336 
147400.36795060168 19411878.33724597 
7285.167370381117 3254864.0434767073 
392.29985760152044 2393970.6729393266 
46862.45480493618 -52805100.30857349 
-361.6098192315421 -96747.16466711243 
946.5009271393535 253448.510617662 
-645.1179255489782 -1768811.5321879026 
-172.48683697068884 104574.12015946044 
309.16585579977567 -143.64858454464118 
71741.3355468193 54600016.572695956 
289874.8074181157 -19085967.125628944 
35626.34870977515 -34.693041541734864 