2978.704964933833 -558264.4629069631 
1496.7946678043706 -388166.8441353613 
3996.044241985404 -2026733.2413809479 
-10618.153730055898 1258116.5216058095 
49676.90184680824 926422.2124473968 
190.9976101983207 12834.6439005192 
2266.5204806337847 14049.522863304644 
397.21786141218456 4114.821706190828 
146023.78844056863 19458400.78041982 
7313.641865260885 3263078.6750502083 
399.5179652160873 2400212.5248840633 
47764.231484747645 -52939736.36252564 
-350.5728451802825 -96835.99835308461 
968.2898890945855 254071.34589438746 
-684.7966488986875 -1773273.2109760498 
99.42590798787094 104797.68451857715 
284.8115530791954 -122.06145506728335 
69033.44806587399 54735078.80401163 
285745.0704408893 -19132490.17372525 
35480.00040398693 229.3996809871682 