2465.944747071124 -558429.2009350683 
1135.7731748317135 -388292.9566808679 
3566.5669562737685 -2027336.092952203 
-10122.929277847652 1258492.0956529235 
48021.893704223425 926696.8204466226 
243.77068276304013 12596.44452174942 
2081.937475232314 14053.731180139184 
331.9420150004986 4104.572798319672 
141205.76015545297 19464044.035361025 
7270.930122941232 3264075.1244422602 
403.12701902337074 2400969.6726051704 
50018.67318427632 -52956067.95486895 
-124.31487712946034 -96702.74782412635 
1109.9181418035937 254146.896919079 
-797.2196983895307 -1773814.4205331919 
158.10181611050754 104954.17956995885 
-214.45165269300614 -391.90057353388437 
55945.32524130498 54751462.09242566 
263031.5170661438 -19138133.502044626 
32772.55674690489 -55.54246700454294 