2518.5355386467863 -561820.3935136248 
1177.0327740285886 -390889.02956885664 
3621.98338023656 -2039746.0131019428 
-10269.662448872317 1266223.4248179044 
48309.721207281655 932349.7265770254 
243.77068276993194 12696.738997021213 
2081.9374752321773 14140.360921770449 
153.9169793322622 4140.06901582453 
141205.76015545297 19580212.502931226 
7270.930122941232 3284587.3997323043 
388.690803794237 2416555.835449424 
48215.11982465338 -53292259.75822876 
-124.31487712946051 -94215.40461690545 
1066.3402178931296 255702.14240297338 
-744.3147339232515 -1784955.4172704588 
246.83123814961658 105714.2983909557 
-214.45165269300648 -391.9005735337784 
59555.84188256539 55088718.0783145 
271290.9910205967 -19254303.48013126 
33357.949970057765 236.34948947477085 