2492.240142858955 -562157.9055712062 
1156.402974430151 -391147.4064913579 
3594.2751682551643 -2040981.1236381729 
-10232.979156116151 1266992.8935973574 
48165.80745575254 932912.3380876342 
163.96749986427466 12446.002808842737 
2057.3264078452235 14148.982839179569 
320.0736792892886 4126.570454238179 
139829.18064541992 19591774.29354248 
7242.455628061463 3286628.9058038252 
381.47269617967015 2418107.0649268143 
47313.343144841914 -53325719.60595651 
339.2380330234435 -94245.01584556284 
1044.5512559378976 255856.9298681951 
-757.5409750398213 -1786064.236850945 
126.61718248372696 105699.39410034791 
4.73707179236172 342.0618286952109 
58653.21272225029 55122283.839943245 
269914.4120281879 -19265865.421078272 
33211.60166426955 -152.83978583098096 