3005.000360721664 -562322.6435993115 
1517.4244674028082 -391273.51903686445 
4023.7524539667997 -2041583.975209428 
-10728.203608324397 1267368.4676444714 
49820.81559833736 933186.9460868599 
111.19442729793938 12207.803430073163 
2241.909413246979 14153.191156009862 
76.7727972093609 4129.320161228007 
144647.2089305356 19597417.548483685 
7285.167370381117 3287625.355195877 
377.8636423723867 2418864.2126479214 
45058.90144531324 -53342051.19829982 
388.90441625411177 -94852.04603303937 
902.9230032288895 255932.48089288664 
-645.1179255489782 -1786605.4464080872 
67.94127436109038 105855.88915172961 
309.1658557998179 -100.47432558990897 
71741.3355468193 55138667.12835728 
292627.96540293336 -19271508.749397647 
35919.04532135159 132.10236216073022 