2465.944747071124 -567236.65843767 
1135.7731748317135 -395035.3639918529 
3566.5669562737685 -2059566.5964690628 
-10269.662448872317 1278571.5666596037 
48309.721207281655 941378.301771081 
-188.71108265560775 12596.444521750356 
2032.7153404580895 14278.722167733613 
-178.39642058177833 4126.070507512739 
138452.60113538688 19765751.71416894 
7327.87911270077 3317348.711451474 
388.690803794237 2441449.375158019 
48215.11982465338 -53829210.64795508 
151.6094741520297 -92586.78704074891 
1066.3402178931296 258186.11267819803 
-770.7672161563911 -1802749.3314906433 
35.02552102400163 106757.59873350037 
-214.45165269301242 -391.90057353358344 
57750.583561935186 55627368.63397582 
271290.9910205967 -19439845.103899963 
33357.949970057765 97.35331972271672 