3005.000360721664 -569434.5048126349 
1517.4244674028082 -396717.8899038551 
4023.7524539667997 -2067609.518651418 
-10801.57019383673 1283582.2740686613 
50108.64310139559 945041.974346117 
5.6482821640790215 12207.803430073705 
2241.9094132470796 14334.867272688269 
-77.51556703645966 4115.3216529161455 
144647.2089305356 19841040.9935065 
7342.116360140654 3330642.804560069 
377.8636423723867 2451550.833778643 
45058.90144531324 -54047097.98970605 
388.9044162541114 -91209.8649081802 
902.9230032288895 259194.07391005848 
-645.1179255489782 -1809969.8589969052 
-266.94073785103063 107286.7010500766 
-543.2347394210983 29.048451274036488 
71741.3355468193 55845945.67696302 
295381.123387751 -19515135.362209667 
36211.741932928024 118.20274518552482 