2439.6493512832926 -569944.7908996926 
1115.143375233276 -397108.53120335104 
3538.8587442923726 -2069476.8881526229 
-10306.345741628484 1284745.6375804534 
48453.63495881077 945892.5893681089 
-157.81952798662908 12446.002808843325 
2057.326407844947 14347.902790653505 
-142.79141344814147 4126.570454238199 
139829.18064541992 19858521.319787797 
7356.353607580539 3333729.367311059 
395.9089114088039 2453896.1450123163 
49116.89650446485 -54097686.092818245 
-311.94343600087444 -91402.33789445325 
1088.1291798483617 259428.09781581035 
-783.9934572729609 -1811646.2886007356 
-85.18853464188791 107473.00468267387 
-238.80595541361194 -413.48770301079617 
56847.95440162008 55896693.91180648 
269914.4120281879 -19532615.915784314 
33211.60166426955 0.056000896278707316 