2465.944747071124 -570282.302957274 
1135.7731748317135 -397366.9081258523 
3566.5669562737685 -2070711.9986888529 
-10343.02903438465 1285515.1063599065 
48597.548710339885 946455.2008787177 
-265.93996934550967 12420.92919002548 
2081.937475231888 14356.52470804724 
-332.6847848275866 4140.069015824594 
141205.76015545297 19870083.11039905 
7384.8281024603075 3335770.87338258 
403.12701902337074 2455447.3744897065 
50018.67318427632 -54131145.940546 
-124.31487712946091 -90632.44594936106 
1109.9181418035937 259582.88528103207 
-797.2196983895307 -1812755.1081812219 
35.025521024001684 107487.90897328165 
-19.617230928217694 320.47469921772665 
55945.32524130498 55930259.673435226 
271290.9910205967 -19544177.856731325 
33357.949970057765 -69.44208397974842 