2465.944747071124 -571977.8992465523 
1135.7731748317135 -398664.9445698467 
3566.5669562737685 -2076916.9587637228 
-10343.02903438465 1289380.770942397 
48597.548710339885 949281.6539439191 
248.91927522969743 12646.591759386356 
2032.7153404580267 14399.83957875527 
-178.39642058177606 4126.070507512747 
138452.60113538688 19928167.34418415 
7384.8281024603075 3346027.011027602 
388.690803794237 2463240.4559118333 
48215.11982465338 -54299241.8422259 
151.60947415202946 -90158.6662908428 
1066.3402178931296 260360.50802297925 
-770.7672161563911 -1818325.6065498553 
-116.67316826866848 107607.1432981439 
-214.45165269301378 -391.9005735334187 
57750.583561935186 56098887.666379645 
274044.14900541434 -19602262.845774643 
33650.6465816342 97.35331972271672 