3005.000360721664 -574175.7456215172 
1517.4244674028082 -400347.47048184887 
4023.7524539667997 -2084959.8809460779 
-10874.936779349062 1294391.4783514545 
50396.47060445382 952945.3265189551 
-133.36371387372395 12809.57028170275 
2241.9094132471364 14455.984683653442 
-77.51556703645835 4115.321652916112 
144647.2089305356 20003456.623521708 
7399.065349900192 3359321.104136197 
377.8636423723867 2473341.9145324575 
45058.90144531324 -54517129.18397687 
388.9044162541112 -88781.74415827409 
902.9230032288895 261368.4692548397 
-645.1179255489782 -1825546.1340561172 
191.01756944759663 108330.00139262129 
-543.2347394211222 29.048451274047174 
71741.3355468193 56317464.70936684 
298134.2813725686 -19677553.104084346 
36504.43854450446 118.20274518552482 