-84.19791768391133 251.37642677368186 
57.803797031704846 -298.6165821677522 
-18819.635638471897 1791249.835219186 
115.67011491688291 20.308461837361257 
104.89945825649352 -402.9844441607832 
-32.326606578356376 5282.15655161636 
-162.76941909410812 108.71669529533906 
-52.565991215713154 -248.30552802030567 
71.12669392537245 -180.4373812310856 
-185.52343007527213 -2469.4567363261704 
-84.87504055753642 134.6806163673936 
-41.31073622167638 -34.67447031717133 
525.8529695142427 -10290.480740571975 
-281132352.12702894 -230645284626.86084 
189334433.915774 230645285525.96164 
-138.23566499326867 -2321.889942556783 
-1395.8833629671806 -2145.449431554502 
-1052.4659669691018 2766.8845666103225 
-153.00092595929243 299.18633578041215 
2439.0286891251344 5197.262267632925 