3057.5911522973265 -575871.3419107954 
1558.6840665996833 -401645.50692584325 
4079.1688779295914 -2091164.8410209478 
-11021.669950373727 1298257.142933945 
50972.12561057028 955771.7795841565 
111.19442730434213 12107.508954802757 
2291.1315480210674 14499.299554327888 
-101.25223845888154 4136.819362109346 
147400.36795060168 20061540.85730681 
7512.963329419267 3369577.241781219 
392.29985760152044 2481134.9959545843 
46862.45480493618 -54685225.08565677 
-361.609819231543 -87034.68166748798 
946.5009271393535 262146.0919967869 
-645.1179255489782 -1831116.6324247506 
-143.86444276452445 108449.23571748353 
309.16585579991226 -143.64858454434693 
71741.3355468193 56486092.70231126 
300887.43935738626 -19735638.093127664 
36797.1351560809 -34.693041541734864 