2518.5355386467863 -578414.7363447128 
1177.0327740285886 -403592.5615918348 
3621.98338023656 -2100472.281133228 
-10489.762205409315 1304055.6398076806 
49173.203716456344 960011.4591819586 
138.22453764776137 12696.738997022621 
2081.9374752318267 14564.27186031561 
-154.65974915935385 4104.572798319389 
141205.76015545297 20148667.20798446 
7441.777092219845 3384961.448248752 
388.690803794237 2492824.6180877746 
48215.11982465338 -54937368.938176624 
-124.31487712946131 -85716.98199223405 
1066.3402178931296 263312.52610970766 
-744.3147339232515 -1839472.3799777008 
-234.02498451394163 108829.29512798195 
-19.617230928194726 320.47469921755896 
59555.84188256539 56739034.69172789 
279550.4649750496 -19822765.57669264 
34236.03980478708 222.4498724995655 