3057.5911522973265 -582983.2031241189 
1558.6840665996833 -407089.8777928339 
4079.1688779295914 -2117190.38446279 
-11095.03653588606 1314470.9493581348 
51259.95311362851 967626.8078434136 
0.4996897158888149 12057.361717167298 
2291.131548021165 14680.97567052322 
100.50946863178467 4107.822452034622 
147400.36795060168 20305164.302329622 
7569.912319178805 3412594.6911454108 
392.29985760152044 2513821.617085306 
46862.45480493618 -55390271.877063 
-361.6098192315433 -83392.50054262881 
946.5009271393535 265407.6850139587 
-645.1179255489782 -1854481.0450135686 
219.6399636537608 109790.62187218384 
-543.2347394211685 72.22271022864273 
71741.3355468193 57193371.250917 
303640.5973422039 -19979264.705939684 
37382.52837923377 -20.79342456652938 