2978.704964933833 -583995.7392968632 
1496.7946678043706 -407865.00856033765 
3996.044241985404 -2120895.716071453 
-10984.986657617561 1316779.355696494 
50828.21185904116 969314.64237524 
-246.63274769566675 12884.791138157058 
2217.2983458602016 14706.841422643 
112.37780434298594 4128.820214502578 
143270.62942050255 20339849.67416338 
7541.437824299036 3418719.2093599737 
385.0817499869536 2518475.3055174765 
45960.67812512471 -55490651.42024626 
-74.6484938987933 -83955.11388711925 
924.7119651841215 265872.04740962386 
-658.344166665548 -1857807.5037550274 
-52.27278130479899 110237.75059041727 
284.8115530793716 -122.0614550669283 
70838.7063865042 57294068.53580324 
302264.0183497951 -20013950.528780717 
36943.48346186912 -201.48844524419988 