3031.2957565094953 -585016.3114709785 
1538.0542670012458 -408646.2911593295 
4051.4606659481956 -2124630.4550738353 
-11131.719828642226 1319106.0827200783 
51403.86686515762 971015.8724192238 
80.30287263178082 12985.085613428506 
2315.7426154081577 14732.912458506338 
88.64113292056946 4150.317923695777 
148776.94746063472 20374810.326725975 
7655.335803818111 3424892.3348619537 
399.5179652160873 2523165.927984823 
47764.231484747645 -55591827.626470655 
-74.6484938987933 -82681.83105485141 
968.2898890945855 266340.0952211276 
-658.344166665548 -1861160.3629626883 
-146.72668218514082 110356.98491527952 
-518.880436700573 50.63558075135364 
70838.7063865042 57395565.00549017 
305017.1763346127 -20048911.635930013 
37236.180073445554 104.30312821031939 