2439.6493512832926 -586539.1337307806 
1115.143375233276 -409812.0632263292 
3538.8587442923726 -2130203.1561836894 
-10526.445498165482 1322577.8525702297 
49604.94497104369 973554.3219730421 
-52.2733828574868 12446.002808844394 
2057.3264078447496 14771.813728544957 
142.0486436210379 4118.071359905813 
139829.18064541992 20426976.02484103 
7584.149566618689 3434103.4158275067 
395.9089114088039 2530164.927650667 
49116.89650446485 -55742795.27276611 
-311.94343600087524 -82903.91526978185 
1088.1291798483617 267038.48152254464 
-783.9934572729609 -1866163.2513079776 
126.61718248372725 110647.61858213125 
4.737071792427513 342.0618286946801 
56847.95440162008 57547010.52521987 
280927.0439674584 -20101078.012345694 
34382.388110575295 -13.843616078926688 