3031.2957565094953 -587386.9318754197 
1538.0542670012458 -410461.0814483264 
4051.4606659481956 -2133305.6362211015 
-11131.719828642226 1324510.684861475 
51691.69436821585 974967.5485056428 
-241.48415525330006 12934.93837579306 
2315.7426154082123 14793.471163840033 
-89.38390274766171 4094.3238904479304 
148776.94746063472 20456018.14173358 
7655.335803818111 3439231.4846500177 
399.5179652160873 2534061.46836173 
47764.231484747645 -55826843.223606065 
-74.64849389879342 -81467.77067989836 
968.2898890945855 267427.2928935182 
-658.344166665548 -1868948.5004922943 
-175.34907639130495 110819.01792412074 
284.8115530793921 -122.0614550668812 
70838.7063865042 57631324.52169208 
305017.1763346127 -20130120.506867353 
37528.87668502199 90.40351123511402 