3031.2957565094953 -588061.9559905826 
1538.0542670012458 -410977.8352933289 
4051.4606659481956 -2135775.8572935434 
-11131.719828642226 1326049.622420381 
51403.86686515762 976092.7715268604 
-25.243272514658702 12884.791138157276 
2266.520480634219 14810.714998575975 
-397.96063123926626 4107.322505309113 
146023.78844056863 20479141.722956084 
7598.386814058574 3443314.4967930596 
385.0817499869536 2537163.9273165106 
45960.67812512471 -55893762.91906157 
101.94309092136044 -80993.99102138009 
924.7119651841215 267736.86782396166 
-631.8916844324084 -1871166.1396532669 
-146.72668218514076 110968.06083019855 
284.811553079397 -122.06145506687365 
72643.96470713441 57698456.044949576 
307770.33431943035 -20153244.388761375 
37528.87668502199 -62.49227549214567 