2978.704964933833 -591107.6005101866 
1496.7946678043706 -413309.3794273283 
3996.044241985404 -2146921.2595132515 
-11131.719828642226 1332993.1621206838 
51403.86686515762 981169.6706344971 
-135.93801010929275 12834.643900521756 
2217.2983458602116 14888.517538612876 
-113.1205741700837 4115.821599641287 
143270.62942050255 20583473.119186193 
7655.335803818111 3461736.6587241655 
385.0817499869536 2551161.926648198 
45960.67812512471 -56195698.21165249 
-74.64849389879365 -80312.93276226008 
924.7119651841215 269133.6404267957 
-658.344166665548 -1881171.9163438454 
-146.7266821851407 111698.37106997982 
-518.8804367006065 50.63558075135961 
70838.7063865042 58001347.08440898 
307770.33431943035 -20257577.141592737 
37528.87668502199 -187.58882826899443 