2439.6493512832926 -591280.3745396629 
1115.143375233276 -413441.643804323 
3538.8587442923726 -2147553.5184782217 
-10599.812083677814 1333387.056853023 
49892.77247410192 981457.6741458802 
-80.59064131234317 12621.518140569762 
2057.326407844713 14892.931139168293 
142.0486436210368 4118.07135990572 
139829.18064541992 20589391.65485624 
7641.098556378227 3462781.7154036346 
395.9089114088039 2551956.008404481 
49116.89650446485 -56212826.46703693 
-311.94343600087547 -80475.79451987574 
1088.1291798483617 269212.87686732586 
-783.9934572729609 -1881739.5263671896 
-85.18853464188768 111869.77041196931 
4.737071792442065 342.0618286945782 
56847.95440162008 58018529.5576237 
283680.20195227605 -20263495.754220374 
34675.08472215173 -13.843616078926688 