2439.6493512832926 -596021.6153485451 
1115.143375233276 -417071.22438231675 
3538.8587442923726 -2164903.880772754 
-10673.178669190147 1344196.261135816 
50180.59997716015 989361.0263187182 
169.11609233244454 12345.708333573353 
2057.3264078447087 15014.048549717794 
142.04864362103572 4118.071359905665 
139829.18064541992 20751807.284871448 
7698.047546137765 3491460.0149797625 
395.9089114088039 2573747.0891582957 
49116.89650446485 -56682857.66130775 
-311.9434360008757 -78047.67376996962 
1088.1291798483617 271387.2722121071 
-783.9934572729609 -1897315.8014264016 
9.265366238454234 112540.46348931946 
4.737071792454258 342.06182869447434 
56847.95440162008 58490048.590027526 
286433.3599370937 -20425913.496095054 
34967.78133372817 -13.843616078926688 