2518.5355386467863 -597379.6995802419 
1177.0327740285886 -418110.8839038099 
3621.98338023656 -2169873.7303113574 
-10783.228547458646 1347292.4569388535 
50324.513728689264 991624.8678733108 
-265.9399693821697 12320.634714755512 
2081.9374752316785 15048.741502896237 
-154.65974915934683 4104.572798319044 
141205.76015545297 20798329.728045296 
7669.573051257996 3499674.6465532635 
388.690803794237 2579988.9411030323 
48215.11982465338 -56817493.7152599 
-124.31487712946222 -76004.4989926096 
1066.3402178931296 272010.10748883255 
-744.3147339232515 -1901777.4802145488 
-82.32629522127121 112987.5922075529 
-19.617230928150335 320.4746992171778 
59555.84188256539 58625110.8213432 
290563.09691432014 -20472436.54419136 
35406.826251092825 222.4498724995655 