3005.000360721664 -597881.9496659286 
1517.4244674028082 -418495.3733718177 
4023.7524539667997 -2171711.692418829 
-11241.769706910725 1348437.4997654206 
51835.60811974497 992462.0873831454 
-133.36371388941947 12809.570281704333 
2241.9094132472137 15061.571737058943 
-77.515567036453 4115.32165291583 
144647.2089305356 20815534.773597755 
7683.81029869788 3502712.6020168364 
377.8636423723867 2582297.3183015296 
45058.90144531324 -56867285.15533096 
388.90441625411006 -76641.14040874352 
902.9230032288895 272240.4459787458 
-645.1179255489782 -1903427.5093521771 
96.56366856725498 112846.00144677897 
-543.2347394212471 29.048451274100653 
71741.3355468193 58675059.87138598 
311900.0712966568 -20489641.813457746 
37967.92160238665 118.20274518552482 