2492.240142858955 -602458.4524467057 
1156.402974430151 -421998.8414043049 
3594.2751682551643 -2188459.2031421107 
-10819.911840214812 1358871.1300010998 
50468.42748021838 1000090.8315567577 
246.34497903120388 12671.665378206033 
2057.326407844672 15178.480830717346 
-320.81644911635476 4118.071359905664 
139829.18064541992 20972307.148671757 
7698.047546137765 3530394.4522009124 
381.47269617967015 2603331.251334237 
47313.343144841914 -57320984.757258475 
339.2380330234416 -73605.98947136088 
1044.5512559378976 274339.2902988355 
-757.5409750398213 -1918462.574854247 
-113.81092884805179 113911.65822523533 
-238.80595541363746 -413.4877030096163 
58653.21272225029 59130195.61537577 
291939.67590672895 -20646416.22701305 
35553.174556881044 -166.73940280618635 