3005.000360721664 -607364.4312836932 
1517.4244674028082 -425754.5345278052 
4023.7524539667997 -2206412.417007894 
-11388.50287793539 1370055.908331007 
52411.26312586143 1008268.7917288215 
-215.74119303566144 12107.50895480358 
2241.9094132472123 15303.806557925938 
-77.51556703645015 4115.321652915708 
144647.2089305356 21140366.033628173 
7797.7082782169555 3560069.201169092 
377.8636423723867 2625879.4798091585 
45058.90144531324 -57807347.5438726 
388.9044162541096 -71784.8989089313 
902.9230032288895 276589.23666830827 
-645.1179255489782 -1934580.0594706011 
213.91548481252823 114738.84635396718 
-543.2347394212971 29.048451274122385 
71741.3355468193 59618097.93619363 
317406.38726629206 -20814477.297207106 
38553.31482553952 118.20274518552482 