3057.5911522973265 -609060.0275729714 
1558.6840665996833 -427052.5709717996 
4079.1688779295914 -2212617.377082718 
-11535.236048960056 1373921.5729134975 
52986.91813197789 1011095.2447940229 
188.42331401110067 12960.011994612114 
2291.131548021216 15347.121428415632 
-101.2522384588723 4136.819362109235 
147400.36795060168 21198450.267413273 
7911.606257736031 3570325.338814114 
392.29985760152044 2633672.5612312853 
46862.45480493618 -57975443.445552506 
-361.6098192315446 -70037.83641814519 
946.5009271393535 277366.85941025545 
-645.1179255489782 -1940150.5578392346 
-266.94073785103024 115379.73085010177 
309.16585580015175 -143.64858454383048 
71741.3355468193 59786725.92913805 
320159.5452511097 -20872562.286250424 
38846.01143711596 -34.693041541734864 