3031.2957565094953 -609397.5396305529 
1538.0542670012458 -427310.94789430086 
4051.4606659481956 -2213852.487618939 
-11498.55275620389 1374691.0416929505 
52843.00438044877 1011657.8563046317 
219.3148686900078 12182.729811257273 
2266.520480634202 15355.743345763312 
397.2178614121507 4137.319308834652 
146023.78844056863 21210012.058024526 
7883.131762856262 3572366.844885635 
385.0817499869536 2635223.7907086755 
45960.67812512471 -58008903.29328026 
101.94309092135941 -70067.44764680258 
924.7119651841215 277521.64687547716 
-631.8916844324084 -1941259.3774197209 
-146.72668218514053 115364.82655949399 
-518.8804367006903 50.63558075136711 
72643.96470713441 59820291.6907668 
321536.1242435185 -20884124.227197435 
38992.35974290418 -48.592658516940304 