2492.240142858955 -609570.3136600291 
1156.402974430151 -427443.21227129555 
3594.2751682551643 -2214484.7465839093 
-10966.645011239478 1375084.9364252896 
51044.08248633484 1011945.8598160148 
163.9674998902791 12446.002808845185 
2057.3264078446578 15360.156946310215 
320.07367928925567 4126.570454237891 
139829.18064541992 21215930.59369457 
7811.94552565684 3573411.9015651043 
381.47269617967015 2636017.8724649586 
47313.343144841914 -58026031.548664704 
339.23803302344123 -69963.80834650171 
1044.5512559378976 277600.8833160073 
-757.5409750398213 -1941826.987443065 
-85.18853464188751 115536.22590148347 
4.737071792493113 342.06182869417717 
58653.21272225029 59837474.16398151 
297445.9918763642 -20890042.83982507 
36138.56778003392 -152.83978583098096 