2465.944747071124 -610582.8498327734 
1135.7731748317135 -428218.3430387993 
3566.5669562737685 -2218190.078192572 
-10929.961718483311 1377393.3427636488 
51187.996237863954 1013633.6943478412 
-160.39382423756257 12420.929190027364 
2081.9374752316653 15386.022698351495 
331.94201500045983 4104.572798318847 
141205.76015545297 21250615.965528328 
7897.369010296146 3579536.419779667 
403.12701902337074 2640671.560897129 
50018.67318427632 -58126411.09184796 
-124.31487712946284 -69993.4195751591 
1109.9181418035937 278065.24571167247 
-797.2196983895307 -1945153.4461845239 
246.83123814961715 115729.98167938463 
-214.45165269303007 -391.90057353207834 
55945.32524130498 59938171.44886775 
293316.25489913777 -20924728.662666105 
35992.2194742457 -55.54246700454294 