3005.000360721664 -610755.6238622497 
1517.4244674028082 -428350.607415794 
4023.7524539667997 -2218822.3371575424 
-11461.869463447723 1377787.237495988 
52986.91813197789 1013921.6978592243 
-215.741193037033 12157.656192439425 
2291.1315480212256 15390.436298898048 
76.77279720935019 4107.822452034155 
147400.36795060168 21256534.501198374 
7968.555247495568 3580581.476459136 
406.73607283065417 2641465.642653412 
48666.00816455911 -58143539.34723241 
112.98006497261898 -70097.05887545997 
990.0788510498176 278144.48215220263 
-671.5704077821177 -1945721.056207868 
185.29309060636413 115901.38102137411 
-543.2347394213145 72.22271022861517 
69936.0772261891 59955353.92208247 
317406.38726629206 -20930647.27529374 
38846.01143711596 -159.7895943185836 