2492.240142858955 -610920.3618903549 
1156.402974430151 -428476.71996130055 
3594.2751682551643 -2219425.188728793 
-10966.645011239478 1378162.811543102 
51331.90998939307 1014196.30585845 
-268.5142656132545 12395.855571209464 
2106.548542618675 15394.64461569825 
-166.52808487055094 4105.072745044275 
142582.339665486 21262177.75613958 
7925.843505175915 3581577.925851188 
410.3451266379376 2642222.7903745193 
50920.44986408779 -58159870.93957572 
162.64644820328726 -69490.02868798345 
1131.7071037588257 278220.0331768942 
-783.9934572729609 -1946262.2657650101 
126.61718248372753 115744.8859699924 
-43.97153364873136 342.06182869415005 
56847.95440162008 59971737.2104965 
294692.8338915466 -20936290.603613116 
36138.56778003392 125.15255367312756 