2439.6493512832926 -612615.9581796331 
1115.143375233276 -429774.75640529493 
3538.8587442923726 -2225630.1488036173 
-10966.645011239478 1382028.4761255924 
51044.08248633484 1017022.7589236514 
246.34497903509813 12621.518140570617 
2057.3264078446764 15437.959486174896 
-142.79141344812476 4126.570454237922 
139829.18064541992 21320261.98992468 
7868.8945154163775 3591834.06349621 
395.9089114088039 2650015.871796646 
49116.89650446485 -58327966.84125562 
-311.9434360008765 -69549.25114529823 
1088.1291798483617 278997.65591884137 
-783.9934572729609 -1951832.7641336436 
-85.18853464188746 116266.53614126475 
-238.80595541364562 -413.48770300924673 
56847.95440162008 60140365.20344092 
294692.8338915466 -20994375.592656434 
35845.87116845748 0.05600089627870731 