2518.5355386467863 -616344.6628157711 
1177.0327740285886 -432629.20621578494 
3621.98338023656 -2239275.179489487 
-11076.694889507977 1390529.2740700264 
51475.823740922184 1023238.276564663 
166.54179611495476 12420.929190027537 
2081.937475231676 15533.211144455257 
-154.65974915933862 4104.572798318801 
141205.76015545297 21447992.248106133 
7897.369010296146 3614387.844857775 
388.690803794237 2667153.26411829 
48215.11982465338 -58697618.49234318 
-124.31487712946313 -66292.01599298515 
1066.3402178931296 280707.68886795745 
-744.3147339232515 -1964082.5804513968 
158.10181611050822 116803.09060314487 
-19.617230928104473 320.4746992167962 
59555.84188256539 60511186.950958505 
301575.72885359067 -21122107.51169008 
36577.612697398574 222.4498724995655 