187.74994469960063 -190.15672754791092 
-218.58931868408445 -365.41943368567274 
-23863.643806626336 2740615.931661177 
214.25787313184114 -89.31437086496594 
-41.35621056299725 -504.6092245260503 
-111.0297216972524 18379.078749951983 
-88.5342317229812 53.20469760716406 
-131.9952509307479 63.780797712405004 
18.410241734540342 -115.49361927752422 
-455.1399897135644 -3267.1075369000655 
-169.1025917912053 68.78371172677052 
-75.29009339578656 -254.47690277931108 
153.7260794003709 -13379.86692205584 
-166384356.34426746 -321330903793.54126 
74586437.35069916 321330904930.28375 
179.30284502119392 -3356.4642587959715 
-2089.0991235449046 259.28383904783044 
2342.1711159147603 814.3746301346912 
-115.26952835424538 426.6543564647835 
-5476.699154621845 14786.582626465504 