2465.944747071124 -622435.9518549792 
1135.7731748317135 -437292.2944837837 
3566.5669562737685 -2261565.983928903 
-11150.06147502031 1404416.3534706319 
51763.651243980414 1033392.0747799363 
138.22453766004284 12596.444521752946 
2081.9374752316903 15688.8162240942 
-332.6847848275421 4140.069015824585 
141205.76015545297 21656655.04056635 
8011.266989815222 3651232.168719987 
403.12701902337074 2695149.262781665 
50018.67318427632 -59301489.07752501 
-124.31487712946341 -63923.11770039382 
1109.9181418035937 283501.2340736255 
-797.2196983895307 -1984094.1338325539 
158.10181611050822 118144.47675784517 
-19.617230928093495 320.4746992166755 
55945.32524130498 61116969.02987732 
301575.72885359067 -21330773.017352805 
36577.612697398574 -69.44208397974842 