2492.240142858955 -622773.4639125606 
1156.402974430151 -437550.67140628496 
3594.2751682551643 -2262801.094465124 
-11186.744767776476 1405185.822250085 
51907.56499550953 1033954.6862905452 
246.34497903790597 12621.518140570857 
2106.5485426187006 15697.438141433939 
165.7853150434572 4139.5690690991605 
142582.339665486 21668216.831177603 
8039.7414846949905 3653273.674791508 
410.3451266379376 2696700.4922590554 
50920.44986408779 -59334948.925252765 
162.6464482032867 -63419.72681321816 
1131.7071037588257 283656.02153884724 
-783.9934572729609 -1985202.9534130401 
249.69347757023368 118278.6153733152 
-190.09734997241844 -413.48770300888566 
56847.95440162008 61150534.79150607 
302952.3078459995 -21342334.958299816 
36723.96100318679 111.25293669792208 