2465.944747071124 -624806.5722594203 
1135.7731748317135 -439107.0847727806 
3566.5669562737685 -2270241.165076169 
-11150.06147502031 1409820.9556120285 
52051.47874703864 1037343.7508663554 
-188.71108269654417 12696.738997024602 
2081.937475231679 15749.374929215439 
331.9420150004507 4104.572798318659 
141205.76015545297 21737862.855573956 
8068.215979574759 3665571.318508051 
403.12701902337074 2706044.8031585724 
50018.67318427632 -59536504.67466042 
-124.31487712946353 -62709.057325440765 
1109.9181418035937 284588.43174601614 
-797.2196983895307 -1991882.2713621599 
-82.32629522127098 118785.36125397976 
-214.45165269303791 -391.9005735315861 
55945.32524130498 61352728.54607923 
301575.72885359067 -21411981.888290145 
36870.30930897501 -55.54246700454294 