3031.2957565094953 -627687.4787509191 
1538.0542670012458 -441312.5163612734 
4051.4606659481956 -2280783.7157246266 
-11792.01909825322 1416388.9212652172 
53994.31439268169 1042146.0419747663 
-213.1668968184517 12082.435335985718 
2315.7426154082355 15822.969152207676 
88.64113292056345 4150.317923695912 
148776.94746063472 21836550.99686286 
8167.87671165395 3682997.031047105 
399.5179652160873 2719285.654769153 
47764.231484747645 -59822108.37490803 
-74.64849389879535 -60828.7443056964 
968.2898890945855 285909.65332415863 
-658.344166665548 -2001346.8384955963 
-146.72668218514036 119150.5163738704 
-518.8804367007829 50.635580751380516 
70838.7063865042 61639236.29712461 
329795.5981979714 -21510671.312802132 
39870.44957763349 104.30312821031939 