2518.5355386467863 -628197.7648379768 
1177.0327740285886 -441703.15766076936 
3621.98338023656 -2282651.0852258177 
-11296.794646044975 1417552.2847770094 
52339.30625009687 1042996.6569967582 
-188.71108269721645 12596.444521753006 
2081.9374752316667 15836.00467008676 
153.91697933224233 4140.069015824544 
141205.76015545297 21854031.323144156 
8068.215979574759 3686083.593798095 
388.690803794237 2721630.966002826 
48215.11982465338 -59872696.47802023 
-124.3148771294637 -60221.71411821987 
1066.3402178931296 286143.6772299105 
-744.3147339232515 -2003023.2680994268 
35.02552102400225 119277.20284403654 
-214.45165269303743 -391.90057353147944 
59555.84188256539 61689984.53196807 
309835.20280804357 -21528151.86637678 
37455.702532127885 236.34948947477085 