2465.944747071124 -631243.4093575808 
1135.7731748317135 -444034.70179476874 
3566.5669562737685 -2293796.487445526 
-11223.428060532642 1424495.8244773122 
52051.47874703864 1048073.5561043948 
-271.0885618430985 12370.78195239171 
2032.715340457632 15913.807209861636 
177.65365075465272 4118.571306630817 
138452.60113538688 21958362.719374266 
8068.215979574761 3704505.755729201 
388.690803794237 2735628.9653345137 
48215.11982465338 -60174631.770611145 
151.60947415202662 -59807.156917016386 
1066.3402178931296 287540.44983274455 
-770.7672161563911 -2013029.0447900053 
35.02552102400231 119947.89592138669 
-19.617230928066917 320.4746992164976 
57750.583561935186 61992875.57142748 
307082.04482322594 -21632484.619208142 
37163.00592055145 83.45370274751127 