2978.704964933833 -631753.6954446385 
1496.7946678043706 -444425.3430942647 
3996.044241985404 -2295663.856946717 
-11792.01909825322 1425659.1879891043 
53994.31439268169 1048924.1711263868 
-135.9380101201715 12934.938375794858 
2266.520480634186 15926.84272773854 
-397.96063123921044 4129.82010795314 
146023.78844056863 21975843.045655563 
8167.876711653952 3707592.318480191 
399.5179652160873 2737974.276568187 
47764.231484747645 -60225219.87372334 
-350.57284518028604 -59200.12672953986 
968.2898890945855 287774.4737384964 
-684.7966488986875 -2014705.4743938358 
216.77772423314494 119821.20945122055 
-518.8804367008065 50.6355807513858 
69033.44806587399 62043623.80627094 
329795.5981979714 -21649965.17278279 
39870.44957763349 215.50006401196273 