187.68810838349248 -19.95534605490244 
35.23097775427118 -394.3216677675745 
-28187.079379330142 3025106.1087094634 
160.61190427700063 45.25151628521618 
133.93744139026478 -538.4662080765116 
311.99952206681485 20796.10731015979 
-10.831319200646316 36.57466651660843 
175.22330608530737 95.72638586056985 
2.7594548414754936 -95.83127040808411 
115.81272485733041 -3889.664259829872 
-14.787193478447845 -187.9614732894061 
-85.64914295858921 -194.24820038834702 
295.4887042056557 -13379.86692205584 
-120485158.03116302 -348506055665.0381 
28687238.724669278 348506056872.99554 
-177.95860938837816 -6024.745033730734 
-2243.147070340961 2136.663322318075 
2496.472801499778 -986.3858294167783 
-43.052661959684336 433.0277369098747 
-6915.922398939478 5197.262267632923 