3031.2957565094953 -633103.7436749643 
1538.0542670012458 -445458.8507842697 
4051.4606659481956 -2300604.299091601 
-11865.385683765553 1428737.0631069166 
54282.14189573992 1051174.617168823 
219.31486869528285 12182.729811257368 
2266.520480634173 15961.330397080113 
397.2178614121309 4137.319308834614 
146023.78844056863 22022090.208100572 
8167.8767116539575 3715758.3427662747 
385.0817499869536 2744179.1944777477 
45960.67812512471 -60359059.264634356 
101.94309092135828 -57926.84389727202 
924.7119651841215 288393.6235993833 
-631.8916844324084 -2019140.7527157809 
-175.34907639130444 120342.85962249289 
-518.880436700806 50.63558075138142 
72643.96470713441 62177886.85278593 
335301.9141676067 -21696212.936570834 
40455.84280078636 -48.592658516940304 