3005.000360721664 -636832.4483111022 
1517.4244674028082 -448313.3005947597 
4023.7524539667997 -2314249.3297774703 
-11902.06897652172 1437237.8610513506 
54426.05564726904 1057390.1348098372 
111.19442731669045 12057.361717167534 
2291.131548021163 16056.582055250972 
-77.51556703643298 4136.819362109213 
147400.36795060168 22149820.466282025 
8253.300196293272 3738312.1241278397 
406.73607283065417 2761316.5867993915 
48666.00816455911 -60728710.915721916 
112.98006497261773 -56742.39475097635 
990.0788510498176 290103.65654849936 
-671.5704077821177 -2031390.569033534 
-143.86444276452377 121088.07415288195 
309.16585580035434 -143.64858454339569 
69936.0772261891 62548708.600303516 
333925.33517519786 -21823944.85560448 
40309.49449499814 -173.68921129378907 