2518.5355386467863 -637680.2464557413 
1177.0327740285886 -448962.3188167569 
3621.98338023656 -2317351.8098148825 
-11443.52781706964 1439170.6933425958 
52914.96125621333 1058803.3613424385 
-160.3938242422912 12320.634714755692 
2081.9374752316253 16078.239490458034 
153.91697933224026 4140.0690158245025 
141205.76015545297 22178862.583174575 
8182.113959093851 3743440.1929503507 
388.690803794237 2765213.127510455 
48215.11982465338 -60812758.86656187 
-124.31487712946415 -55365.47261840764 
1066.3402178931296 290492.46791947295 
-744.3147339232515 -2034175.8182178508 
158.10181611050845 121199.85633244031 
-214.45165269303965 -391.9005735311509 
59555.84188256539 62633022.596775725 
315341.51877767884 -21852987.35012614 
38041.09575528076 236.34948947477085 