2978.704964933833 -638520.0085990095 
1496.7946678043706 -449605.18520726595 
3996.044241985404 -2320424.882458575 
-11865.385683765553 1441085.204948616 
54282.14189573992 1060203.1923628824 
-135.93801012084637 12834.643900523148 
2217.2983458601643 16099.691641918565 
-113.1205741700675 4115.82159964078 
143270.62942050255 22207629.419338286 
8224.825701413509 3748519.6544854445 
385.0817499869536 2769072.7341863425 
45960.67812512471 -60896010.15436068 
-74.64849389879592 -56031.725263198954 
924.7119651841215 290877.59387460793 
-658.344166665548 -2036934.6669359654 
70.8035137817077 121505.39428989982 
-518.8804367008386 50.635580751388446 
70838.7063865042 62716537.40844725 
335301.9141676067 -21881754.560339537 
40455.84280078636 -187.58882826899443 