2465.944747071124 -639030.2946860672 
1135.7731748317135 -449995.8265067619 
3566.5669562737685 -2322292.2519597663 
-11370.161231557307 1442248.5684604081 
52914.96125621333 1061053.8073848747 
27.529800059308236 12646.59175938868 
2081.9374752316444 16112.727159791315 
331.94201500044187 4104.572798318404 
141205.76015545297 22225109.745619584 
8239.062948853394 3751606.2172364346 
403.12701902337074 2771418.0454200157 
50018.67318427632 -60946598.25747288 
-124.31487712946421 -55424.695075722426 
1109.9181418035937 291111.6177803598 
-797.2196983895307 -2038611.0965397959 
-110.94868942743491 121319.09065730256 
-214.45165269304147 -391.9005735310938 
55945.32524130498 62767285.64329071 
309835.20280804357 -21899235.113914184 
37748.39914370432 -55.54246700454294 