2439.6493512832926 -641063.4030329268 
1115.143375233276 -451552.2398732575 
3538.8587442923726 -2329732.3225708115 
-11406.844524313474 1446883.7018223517 
52771.04750468422 1064442.8719606863 
-157.8195280192837 12446.002808845193 
2057.326407844625 16164.663947533321 
-142.791413448112 4126.570454237742 
139829.18064541992 22294755.770015936 
8210.58845397363 3763903.8609529776 
395.9089114088039 2780762.3563195327 
49116.89650446485 -61148154.00688054 
-311.94343600087785 -54980.52664586155 
1088.1291798483617 292044.0279875287 
-783.9934572729609 -2045290.4144889156 
249.6934775702339 121974.87944404493 
-238.80595541366813 -413.48770300821576 
56847.95440162008 62969479.39786388 
311211.7818004524 -21968882.043904513 
37602.050837916104 0.05600089627870731 