3005.000360721664 -641573.6891199845 
1517.4244674028082 -451942.88117275346 
4023.7524539667997 -2331599.6920720027 
-11975.435562034052 1448047.0653341438 
54713.88315032727 1065293.4869826785 
-238.90985905357678 12960.011994612652 
2291.1315480211642 16177.699465404772 
-77.51556703643121 4136.819362109191 
147400.36795060168 22312236.096297234 
8310.24918605282 3766990.4237039676 
406.73607283065417 2783107.667553206 
48666.00816455911 -61198742.109992735 
112.9800649726175 -54314.27400107024 
990.0788510498176 292278.0518932806 
-671.5704077821177 -2046966.844092746 
67.94127436109127 122131.37449542663 
309.1658558003885 -143.64858454332335 
69936.0772261891 63020227.63270734 
336678.4931600155 -21986362.59747916 
40602.19110657458 -173.68921129378907 