2978.704964933833 -643261.2494078918 
1496.7946678043706 -453234.7657852597 
3996.044241985404 -2337775.2447531074 
-11938.752269277886 1451894.4092314092 
54569.96939879815 1068106.5445357237 
224.46346114316535 12132.582573620899 
2217.298345860162 16220.80905206438 
-113.12057417006571 4115.821599640719 
143270.62942050255 22370045.049353495 
8281.774691173052 3777197.9540615724 
385.0817499869536 2790863.814940157 
45960.67812512471 -61366041.3486315 
-74.64849389879615 -53603.60451329284 
924.7119651841215 293051.98921938916 
-658.344166665548 -2052510.9419951774 
-23.65038709863417 122354.93885454335 
-518.8804367008632 50.63558075138967 
70838.7063865042 63188056.44085108 
338055.0721524243 -22044172.302214216 
40748.5394123628 -187.58882826899443 