3005.000360721664 -651056.1707377491 
1517.4244674028082 -459202.042328741 
4023.7524539667997 -2366300.4166610674 
-12122.168733058717 1469665.4738997302 
55289.53815644373 1081100.1913283612 
-105.04645544190959 12107.508954802353 
2291.1315480211883 16419.934285650823 
-77.51556703642996 4136.819362109187 
147400.36795060168 22637067.356327653 
8424.147165571896 3824347.0228562234 
406.73607283065417 2826689.829060835 
48666.00816455911 -62138804.498534374 
112.98006497261704 -49458.032501258014 
990.0788510498176 296626.84258284303 
-671.5704077821177 -2078119.39421117 
-55.13502072541467 123994.41082139927 
309.1658558004551 -143.64858454317493 
69936.0772261891 63963265.697514996 
342184.80912965076 -22311198.08122852 
41187.584329727455 -173.68921129378907 