3031.2957565094953 -652068.7069104934 
1538.0542670012458 -459977.17309624475 
4051.4606659481956 -2370005.7482697302 
-12158.852025814884 1471973.8802380895 
55433.45190797284 1082788.0258601883 
-135.93801012178378 12834.643900522362 
2266.5204806342 16445.80003763903 
397.21786141211453 4137.319308834564 
146023.78844056863 22671752.72816141 
8395.672670692127 3830471.5410707863 
385.0817499869536 2831343.5174930054 
45960.67812512471 -62239184.04171763 
101.94309092135737 -48214.360897647566 
924.7119651841215 297091.2049785082 
-631.8916844324084 -2081445.8529526289 
-146.72668218514008 124158.35801808487 
-518.8804367009025 50.63558075139316 
72643.96470713441 64063962.98240124 
346314.5461068772 -22345883.904069554 
41626.62924709211 -48.592658516940304 