2978.704964933833 -652743.7310256563 
1496.7946678043706 -460493.92694124725 
3996.044241985404 -2372475.969342172 
-12085.485440302551 1473512.8177969956 
55145.62440491461 1083913.2488814064 
80.30287263764949 12784.49666288642 
2217.298345860186 16463.04387229737 
-113.12057417006352 4115.821599640608 
143270.62942050255 22694876.309383914 
8395.672670692127 3834554.5532138282 
385.0817499869536 2834445.9764477857 
45960.67812512471 -62306103.73717314 
-74.6484938987966 -48747.363013480615 
924.7119651841215 297400.7799089516 
-658.344166665548 -2083663.4921136014 
93.70142914663913 124188.16659930043 
-518.8804367009129 50.635580751396645 
70838.7063865042 64131094.50565873 
343561.3881220596 -22369007.785963576 
41333.93263551567 -187.58882826899443 