3031.2957565094953 -654439.3273149346 
1538.0542670012458 -461791.96338524163 
4051.4606659481956 -2378680.9294169964 
-12158.852025814884 1477378.482379486 
55433.45190797284 1086739.701946609 
-107.6207516653508 12082.435335984208 
2266.5204806342076 16506.358742687757 
-397.96063123920055 4107.322505308091 
146023.78844056863 22752960.543169014 
8395.672670692127 3844810.6908588503 
385.0817499869536 2842239.0578699126 
45960.67812512471 -62474199.63885304 
101.94309092135725 -47000.30052269451 
924.7119651841215 298178.4026508988 
-631.8916844324084 -2089233.9904822349 
-175.3490763913042 124739.62535178833 
284.8115530798508 -122.06145506595074 
72643.96470713441 64299722.49860315 
346314.5461068772 -22427092.775006894 
41626.62924709211 -62.49227549214567 