2518.5355386467863 -656645.2096912705 
1177.0327740285886 -463480.64112873195 
3621.98338023656 -2386753.258993012 
-11736.99415911897 1482407.5104737687 
54066.27126844625 1090416.7700338038 
243.77068281934962 12696.738997023413 
2081.937475231695 16562.70913094163 
153.91697933223512 4140.069015824505 
141205.76015545297 22828525.103235412 
8409.909918132013 3858153.3912548623 
388.690803794237 2852377.4505257127 
48215.11982465338 -62692883.643645145 
-124.31487712946506 -45652.98961878319 
1066.3402178931296 299190.04929859785 
-744.3147339232515 -2096480.9184546988 
123.75494306311163 125224.01479654122 
-214.4516526930531 -391.90057353049485 
59555.84188256539 64519098.72639103 
326354.15071694937 -22502658.31762486 
39211.88220158651 236.34948947477085 