360.38990974680496 211.47727671975375 
-74.70278650317236 -440.241116292482 
-45120.53537242005 3554929.1069763564 
60.71446228283176 236.13629036168123 
70.27810937027373 -434.07515619704077 
-322.54434357928596 27119.72854326161 
133.9076835104051 5.57577081030254 
-233.8597561410378 113.99151261330911 
-26.025824291498264 -58.55358631604738 
-3.1357571642068263 -4964.54735186634 
-124.00581833435103 -86.45718042026671 
-104.03134564063981 -71.62062885005557 
-138.65933426052453 -12970.367746993426 
143435232.26918775 -399115959290.8875 
-143434756.12294298 399115960631.47284 
-324.83276228774884 -8829.162582906452 
-2358.683030438066 5633.018933011382 
2303.595694517941 -4340.049269531803 
91.44117826612832 412.3142497752178 
639.9996337281154 2799.9321779247666 