2492.240142858955 -659353.3421532931 
1156.402974430151 -465553.8083402301 
3594.2751682551643 -2396663.550676499 
-11700.310866362805 1488581.5813946184 
53922.35751691714 1094931.0576308335 
30.104096282832085 12621.518140569564 
2057.326407844701 16631.889753310643 
-320.8164491163089 4118.071359905092 
139829.18064541992 22921294.70885427 
8381.435423252244 3874534.047114447 
381.47269617967015 2864824.22038001 
47313.343144841914 -62961359.08850831 
339.23803302343885 -44468.540472487526 
1044.5512559378976 300432.0344362102 
-757.5409750398213 -2105377.87556472 
249.69347757023414 125760.56925842134 
-238.80595541368643 -413.48770300755234 
58653.21272225029 64788424.00422169 
324977.57172454055 -22595429.12950921 
39065.53389579829 -166.73940280618635 