3005.000360721664 -660538.6523555137 
1517.4244674028082 -466461.2034847285 
4023.7524539667997 -2401001.141250132 
-12268.901904083383 1491283.8824653167 
55865.19316256019 1096906.8956740438 
111.19442731781636 12057.361717165999 
2291.1315480212197 16662.169105829744 
-77.51556703642815 4136.819362109168 
147400.36795060168 22961898.61635807 
8538.045145090971 3881703.622008479 
406.73607283065417 2870271.9905684637 
48666.00816455911 -63078866.88707601 
112.98006497261659 -44601.79100144579 
990.0788510498176 300975.6332724055 
-671.5704077821177 -2109271.9443294895 
-172.4868369706877 125887.25572858748 
309.16585580052123 -143.64858454302717 
69936.0772261891 64906303.76232265 
347691.12509928603 -22636033.56497788 
41772.97755288033 -173.68921129378907 