2978.704964933833 -662226.2126434209 
1496.7946678043706 -467753.0880972348 
3996.044241985404 -2407176.693931237 
-12232.218611327216 1495131.226362582 
55721.27941103107 1099719.953227089 
-135.9380101222268 12834.643900521984 
2217.2983458602166 16705.278692465723 
-113.1205741700611 4115.821599640512 
143270.62942050255 23019707.569414333 
8509.570650211203 3891911.152366084 
385.0817499869536 2878028.1379554146 
45960.67812512471 -63246166.12571478 
-74.64849389879706 -43891.12151366839 
924.7119651841215 301749.57059851405 
-658.344166665548 -2114816.042231873 
216.77772423314528 126051.20292527307 
-518.8804367009609 50.635580751404746 
70838.7063865042 65074132.570466384 
349067.70409169485 -22693843.269712936 
41919.32585866855 -187.58882826899443 