2978.704964933833 -662571.7607023733 
1496.7946678043706 -468017.61685122416 
3996.044241985404 -2408441.2118611773 
-12232.218611327216 1495919.0158272602 
56009.1069140893 1100295.9602498554 
-25.24327251884961 12884.791138157849 
2266.5204806342217 16714.105893538646 
397.2178614120938 4114.821706189637 
146023.78844056863 23031544.640754424 
8566.51963997074 3894001.265725022 
399.5179652160873 2879616.3014679807 
47764.231484747645 -63280422.63648367 
-350.5728451802875 -43417.34185515012 
968.2898890945855 301908.0434795744 
-684.7966488986875 -2115951.2622785517 
188.15533002698112 126513.23593411429 
284.8115530799079 -122.06145506583354 
69033.44806587399 65108497.516895816 
346314.5461068772 -22705680.49496821 
41919.32585866855 229.3996809871682 