2439.6493512832926 -664769.6070773383 
1115.143375233276 -469700.14276322635 
3538.8587442923726 -2416484.1340434733 
-11773.677451875137 1500929.7232363177 
54210.18501997537 1103959.6328248929 
-157.81952802070765 12446.002808843888 
2057.326407844711 16770.250998035477 
-142.79141344810503 4126.5704542376 
139829.18064541992 23106833.920091983 
8495.333402771319 3907295.358833617 
395.9089114088039 2889717.760088605 
49116.89650446485 -63498309.978234634 
-311.943436000879 -42839.92289633099 
1088.1291798483617 302916.0047114348 
-783.9934572729609 -2123171.7897847514 
37.88776044461907 126923.10392582827 
-238.8059554136912 -413.4877030073533 
56847.95440162008 65327074.55988301 
324977.57172454055 -22780970.753277913 
39065.53389579829 0.05600089627870731 