2978.704964933833 -664942.3811068145 
1496.7946678043706 -469832.40714022104 
3996.044241985404 -2417116.3930084435 
-12305.58519683955 1501323.6179686568 
56009.1069140893 1104247.636336276 
-213.16689682241412 12182.729811255538 
2266.5204806342317 16774.664598571653 
-397.9606312391799 4129.820107952973 
146023.78844056863 23112752.45576203 
8566.51963997074 3908340.415513086 
399.5179652160873 2890511.841844888 
47764.231484747645 -63515438.23361908 
-350.57284518028763 -42203.28148019707 
968.2898890945855 302995.241151965 
-684.7966488986875 -2123739.3998080906 
99.42590798787208 126781.51316505435 
-518.8804367009743 50.635580751408284 
69033.44806587399 65344257.03309773 
349067.70409169485 -22786889.36590555 
41919.32585866855 215.50006401196273 