-142.99655979850183 99.34268212684694 
40.90584575665277 -455.3307775924137 
-34672.23273838585 3742724.589016658 
25.286432164050566 147.33379793209616 
-45.55325130969428 -493.32299761757054 
-150.3812792567005 29171.392321112427 
185.21056109896602 -5.411415048967145 
-134.05324479343855 198.70895988777022 
-36.236437034768144 -45.34135509519291 
306.13029606730055 -5465.510964903258 
-201.11227628261122 -300.32318805642086 
-109.83875701981945 -28.096141000063202 
-165.23982641151485 -13234.727973932482 
40162036.064702675 -417054612913.92615 
-131959956.46643557 417054614301.52136 
36.398262469946424 -5099.01496895302 
-2936.36283092363 6872.300333483229 
3190.8303866341894 -5528.753505469642 
139.1124501074232 461.70794429139977 
-13392.426998369097 2000.8221480223167 