2518.5355386467863 -668498.3117134762 
1177.0327740285886 -472554.59257371636 
3621.98338023656 -2430129.164729343 
-11883.727330143636 1509430.5211807517 
54641.92627456271 1110175.150465907 
-265.9399694010262 12320.634714753922 
2081.9374752317117 16865.502656115324 
-154.65974915931838 4104.5727983179295 
141205.76015545297 23234564.178273436 
8523.807897651088 3929849.140195182 
388.690803794237 2906855.1524102488 
48215.11982465338 -63867961.62932219 
-124.31487712946563 -39582.68774401791 
1066.3402178931296 304626.0376605509 
-744.3147339232515 -2135421.606102399 
246.83123814961772 127698.12703743289 
-19.61723092798044 320.47469921574793 
59555.84188256539 65697896.3074006 
331860.46668658464 -22908702.67231156 
39797.27542473938 222.4498724995655 