3031.2957565094953 -668663.0497415814 
1538.0542670012458 -472680.7051192229 
4051.4606659481956 -2430732.0163005935 
-12378.951782351882 1509806.0952278657 
56296.93441714753 1110449.758465133 
-241.48415527932104 12834.643900521689 
2266.5204806342304 16869.710972905334 
-397.96063123918884 4107.322505307898 
146023.78844056863 23240207.433214642 
8566.51963997074 3930845.589587234 
385.0817499869536 2907612.300131356 
45960.67812512471 -63884293.2216655 
101.94309092135657 -39715.93827297617 
924.7119651841215 304701.58868524246 
-631.8916844324084 -2135962.8156595365 
188.15533002698112 127854.62208881459 
284.81155307994965 -122.06145506575172 
72643.96470713441 65714279.59581463 
354574.0200613301 -22914346.000630934 
42504.71908182142 -62.49227549214567 