2439.6493512832926 -671881.4682906617 
1115.143375233276 -475144.513630217 
3538.8587442923726 -2442509.677485272 
-11847.04403738747 1517143.5296605076 
54785.84002609183 1115814.6610841549 
-268.51426562453247 12395.855571207705 
2057.3264078447387 16951.927113117294 
142.04864362101364 4118.071359904877 
139829.18064541992 23350457.365114797 
8609.231382290394 3950312.808197809 
395.9089114088039 2922404.3812193265 
49116.89650446485 -64203356.76964086 
-311.94343600087933 -39197.74177147182 
1088.1291798483617 306177.59772860666 
-783.9934572729609 -2146536.202373368 
126.61718248372816 128234.68149931301 
4.737071792663484 342.0618286928238 
56847.95440162008 66034353.10848875 
330483.8876941758 -23024597.366089933 
39650.927118951164 -13.843616078926688 