3031.2957565094953 -672729.2664353008 
1538.0542670012458 -475793.5318522142 
4051.4606659481956 -2445612.157522684 
-12452.318367864214 1519076.3619517528 
56872.58942326399 1117227.8876167561 
-25.24327251890971 12985.085613429324 
2315.742615408263 16973.584548303465 
-89.38390274764032 4094.3238904461305 
148776.94746063472 23379499.482007347 
8680.417619489815 3955440.87702032 
399.5179652160873 2926300.92193039 
47764.231484747645 -64287404.720480815 
-74.64849389879751 -37761.597181588324 
968.2898890945855 306566.40909958025 
-658.344166665548 -2149321.451557661 
-175.34907639130404 128406.0808413025 
284.8115530799789 -122.06145506569302 
70838.7063865042 66118667.10496096 
354574.0200613301 -23053639.86061159 
42797.41569339786 90.40351123511402 