158.29922909580966 14.412265172965576 
-212.86873298039546 -481.65503534609127 
-33951.660142935216 3884969.677540801 
-1.552440635661027 80.06391401739538 
-133.28989616729672 -498.96522686019256 
252.9721857276426 30913.901283122705 
224.069548253775 -13.733141239373708 
20.430508970005544 -19.837412635494886 
-43.97344065473689 -35.33285859955224 
179.2519152493302 -5621.150145645372 
-22.858558485267768 -297.87897366200235 
-114.23191172534898 4.8727609649764485 
-253.84146691481564 -13245.095041655582 
109010833.5343594 -430642188849.67456 
-200808754.4054805 430642190272.87726 
-130.32374896604688 -5915.835614333299 
-3321.482697914006 7810.990075117213 
3576.584600597766 -6429.1337352437895 
175.22089979499896 477.6413936910097 
16831.26113230227 11590.142506855043 