2492.240142858955 -673577.0645799399 
1156.402974430151 -476442.5500742114 
3594.2751682551643 -2448714.637560096 
-11920.410622899803 1521009.194242998 
54785.84002609183 1118641.1141493574 
246.34497904366495 12671.665378205049 
2057.3264078447332 16995.241983489257 
-320.81644911629957 4118.0713599049 
139829.18064541992 23408541.598899897 
8552.282392530857 3960568.945842831 
381.47269617967015 2930197.4626414534 
47313.343144841914 -64371452.671320766 
339.23803302343816 -37184.17822276919 
1044.5512559378976 306955.22047055385 
-757.5409750398213 -2152106.7007419537 
-85.18853464188683 128726.52308936979 
-238.80595541369524 -413.48770300703467 
58653.21272225029 66202981.10143317 
333237.04567899345 -23082682.35513325 
39943.6237305276 -166.73940280618635 