3005.000360721664 -673741.8026080452 
1517.4244674028082 -476568.66261971794 
4023.7524539667997 -2449317.489131347 
-12415.635075108048 1521384.768290112 
56440.848168676646 1118915.7221485833 
221.88916492190788 12157.656192437244 
2241.9094132472455 16999.45030027884 
-77.51556703643567 4115.321652914933 
144647.2089305356 23414184.853841104 
8594.994134850509 3961565.395234883 
377.8636423723867 2930954.6103625605 
45058.90144531324 -64387784.263664074 
388.9044162541064 -37791.208410245716 
902.9230032288895 307030.7714952454 
-645.1179255489782 -2152647.910299091 
-26.512626519250247 128570.02803798809 
-543.2347394216487 29.04845127427496 
71741.3355468193 66219364.389847204 
355950.59905373893 -23088325.683452625 
42651.06738760964 118.20274518552482 