2465.944747071124 -674589.6007526843 
1135.7731748317135 -477217.68084171513 
3566.5669562737685 -2452419.969168759 
-11957.093915655969 1523317.6005813573 
54929.75377762094 1120328.9486811846 
-49.69908664070727 12370.781952389749 
2081.937475231739 17021.107735464146 
-332.6847848275008 4140.069015824462 
141205.76015545297 23443226.970733654 
8637.705877170163 3966693.464057394 
403.12701902337074 2934851.151073624 
50018.67318427632 -64471832.214504026 
-124.31487712946591 -37213.78945142658 
1109.9181418035937 307419.582866219 
-797.2196983895307 -2155433.159483384 
246.83123814961783 128920.27886727094 
-19.61723092796713 320.4746992156282 
55945.32524130498 66303678.386319414 
331860.46668658464 -23117368.177974284 
39797.27542473938 -69.44208397974842 