-7.045879322960666 -7.059008856993834 
-85.9812975661452 -467.851135090123 
-48002.825754222584 3920930.5145272417 
-8.33777666513796 63.05701340017366 
-155.47073589297608 -411.50550925499647 
120.16067896450522 32178.62552974307 
233.89320502379903 -15.836773558452178 
59.485130335594775 -75.08778257012357 
-45.929301368169114 -32.80225760335644 
28.583838034840994 -5402.282547739946 
22.205580581029714 -311.3221425757475 
-115.34217603151596 13.207474936659738 
144.86591535003836 -13208.81030462473 
143435232.26918775 -434077250181.7458 
-143434756.12294304 434077251613.9504 
-308.9544754918714 -6269.7912273304355 
-2666.778924030367 8048.299279462883 
2612.1990656888324 -6656.757950636122 
184.34944031432278 425.06101054831555 
3518.4461223636877 5996.372297535956 