3005.000360721664 -674762.3747821605 
1517.4244674028082 -477349.9452187098 
4023.7524539667997 -2453052.228133729 
-12489.00166062038 1523711.4953136963 
56728.675671734876 1120616.9521925678 
-105.04645544255283 12107.50895480136 
2291.131548021253 17025.52133599954 
-77.51556703642558 4136.819362109084 
147400.36795060168 23449145.5064037 
8708.892114369584 3967738.520736863 
406.73607283065417 2935645.232829907 
48666.00816455911 -64488960.46988847 
112.9800649726159 -37317.42875172745 
990.0788510498176 307498.81930674915 
-671.5704077821177 -2156000.769506723 
185.2930906063648 129091.67820926043 
309.1658558006267 -143.6485845428049 
69936.0772261891 66320860.85953413 
355950.59905373893 -23123286.79060192 
42651.06738760964 -173.68921129378907 