3031.2957565094953 -675774.9109549049 
1538.0542670012458 -478125.0759862136 
4051.4606659481956 -2456757.559742392 
-12525.684953376547 1526019.9016520556 
56872.58942326399 1122304.786724395 
-135.93801012263987 12834.643900521665 
2266.520480634252 17051.387087973977 
397.2178614120932 4137.31930883448 
146023.78844056863 23483830.878237456 
8680.417619489815 3973863.038951426 
385.0817499869536 2940298.9212620775 
45960.67812512471 -64589340.01307173 
101.94309092135623 -36073.757148117 
924.7119651841215 307963.1817024143 
-631.8916844324084 -2159327.2282481533 
-175.34907639130398 129136.39108108377 
-518.8804367010198 50.63558075141016 
72643.96470713441 66421558.14442037 
360080.3360309654 -23157972.613442954 
43090.1123049743 -48.592658516940304 