3057.5911522973265 -680178.6397062057 
1558.6840665996833 -481496.2796417061 
4079.1688779295914 -2472872.8115007035 
-12635.734831645046 1536059.6371553957 
57304.330677851336 1129645.5273866272 
188.42331401867105 12960.011994611184 
2291.1315480213166 17163.882580683414 
-101.25223845885172 4136.819362109037 
147400.36795060168 23634684.717641413 
8765.841104129122 4000499.8324560327 
392.29985760152044 2960538.772538502 
46862.45480493618 -65025911.3596148 
-361.609819231548 -33616.0251695535 
946.5009271393535 309982.7895819738 
-645.1179255489782 -2173794.6837267545 
96.56366856725589 129851.79703025726 
309.1658558006647 -143.6485845427218 
71741.3355468193 66859511.41519545 
361456.9150233742 -23308828.414370622 
43236.460610762515 -34.693041541734864 