29.696859807408096 -96.767514794409 
184.7116309087194 -497.3851640413089 
-46561.680563321315 4071166.900159483 
-36.68950508010413 -8.001225752081867 
-248.13692821560875 -422.7906419301221 
51.29545323547095 32909.35509445707 
238.6958960047161 -24.625351319387033 
222.64585285727185 -222.42158420955502 
-54.087576310208206 -22.216454313402913 
123.74262364485794 -5441.192342896825 
210.47426949813212 -306.4338913601219 
-119.97966576712868 48.027110026743365 
73.98460294739773 -13271.012710963332 
189334430.5822922 -448428173080.1767 
-189333954.748973 448428174549.9892 
222.96813238999184 -4908.42348504583 
-2974.8748176226677 9039.724399840352 
2920.8024368596907 -7607.721339386309 
222.486453748774 437.807770122196 
6396.892610999054 5996.372297535955 