3005.000360721664 -683224.2842258097 
1517.4244674028082 -483827.8237757055 
4023.7524539667997 -2484018.2137204115 
-12562.368246132713 1543003.1768556985 
57016.503174793106 1134722.426494266 
82.87716886156603 12859.717519339296 
2241.909413247335 17241.685120344577 
-77.51556703643253 4115.321652914821 
144647.2089305356 23739016.113871522 
8708.892114369584 4018921.9943871386 
377.8636423723867 2974536.7718701893 
45058.90144531324 -65327846.65220571 
388.90441625410597 -32934.96691043349 
902.9230032288895 311379.56218480784 
-645.1179255489782 -2183800.460417247 
96.56366856725589 130433.06436396073 
-543.2347394217 29.048451274297904 
71741.3355468193 67162402.45465486 
361456.9150233742 -23413161.167201985 
43236.460610762515 118.20274518552482 