3057.5911522973265 -687290.5009195291 
1558.6840665996833 -486940.65050869674 
4079.1688779295914 -2498898.354942502 
-12709.101417157379 1552273.4435795855 
57592.158180909566 1141500.5556458891 
221.8891649223566 12157.6561924367 
2291.1315480213893 17345.5586957183 
100.50946863176674 4107.8224520330095 
147400.36795060168 23878308.162664227 
8822.79009388866 4043517.2818202246 
392.29985760152044 2993225.3936692234 
46862.45480493618 -65730958.151021026 
-361.60981923154833 -29973.84404469399 
946.5009271393535 313244.38259914564 
-645.1179255489782 -2197159.0963153713 
67.94127436109173 131655.21619379878 
-543.234739421721 72.22271022853752 
71741.3355468193 67566789.96380119 
364210.07300819183 -23552455.027182642 
43821.85383391539 -20.79342456652938 