2978.704964933833 -688648.5851512259 
1496.7946678043706 -487980.31003018987 
3996.044241985404 -2503868.2044811053 
-12672.418124401212 1555369.639382623 
57448.24442938045 1143764.3972004827 
-213.16689682329653 12182.729811254641 
2266.5204806344036 17380.251648756825 
-397.9606312391553 4129.820107952793 
146023.78844056863 23924830.605838075 
8851.264588768428 4051731.9133937256 
399.5179652160873 2999467.24561396 
47764.231484747645 -65865594.204973176 
-350.57284518028877 -30062.677730666175 
968.2898890945855 313867.2178758711 
-684.7966488986875 -2201620.77510348 
-141.0022033439069 131819.16339048438 
-518.8804367010906 50.63558075142434 
69033.44806587399 67701852.19511686 
362833.494015783 -23598978.07527895 
43382.80891655073 215.50006401196273 