2492.240142858955 -691521.4556413537 
1156.402974430151 -490179.58978719456 
3594.2751682551643 -2514381.347735843 
-12213.876964949133 1561919.2843505866 
56224.97754138298 1148553.2927967382 
-47.12479041745272 12295.56109593528 
2106.5485426189207 17453.640587874852 
-166.5280848705154 4105.072745042963 
142582.339665486 24023243.46639814 
8893.976331088083 4069109.0186453625 
410.3451266379376 3012671.1631893646 
50920.44986408779 -66150401.24217965 
162.6464482032834 -28211.975939578977 
1131.7071037588257 315184.754038175 
-783.9934572729609 -2211058.941770633 
-208.2648297283927 132512.2129037462 
-43.97153364856999 342.0618286923982 
56847.95440162008 67987560.76136155 
341496.51963344635 -23697392.215482675 
41114.41017683335 125.15255367312756 