-264.43233754791817 -229.4071757737834 
-97.26019125514102 -503.16356316791223 
-50885.11613602512 4293324.959764604 
-83.9165260037542 -110.99167776882751 
-118.00989133183872 -417.1480869991376 
-7.73188310370122 35776.06338679673 
176.96454259963173 -38.8156412906054 
83.0945515866787 120.10582950025294 
-61.05189059654987 -8.558983188356736 
-82.434745041795 -5791.380498407929 
64.42592285232658 -3.3546577539333953 
-126.8355598858287 99.51401592909183 
446.11149306126174 -14535.79497318156 
51636835.64297879 -469649218642.75006 
-51636358.87088327 469649220168.17426 
-181.92818069175507 -5126.242323918351 
-2820.8268708265173 10505.767928909163 
2766.5007512742613 -9013.933158921105 
221.6750279512167 542.9685362143671 
6396.892610999053 5996.372297535955 