3057.5911522973265 -692031.7417284114 
1558.6840665996833 -490570.2310866905 
4079.1688779295914 -2516248.7172370343 
-12782.468002669711 1563082.6478623787 
57879.985683967796 1149403.9078187305 
-210.5926006000399 12057.361717164735 
2291.131548021426 17466.676105731967 
100.50946863176509 4107.822452032957 
147400.36795060168 24040723.792679437 
8879.739083648197 4072195.5813963525 
392.29985760152044 3015016.474423038 
46862.45480493618 -66200989.345291846 
-361.60981923154856 -27545.723294787585 
946.5009271393535 315418.77794392686 
-645.1179255489782 -2212735.371374449 
-26.512626519250077 132325.90927114894 
-543.234739421747 72.22271022853316 
71741.3355468193 68038308.99620502 
366963.23099300946 -23714872.769057322 
44114.55044549183 -20.79342456652938 