-106.38371541806877 -250.87590424713156 
29.627095271990907 -514.3993760911794 
-39716.24090654029 4329285.796751045 
-91.63761805053781 -127.6126529497747 
-95.8291121333318 -352.25861651337175 
213.62062816819443 36310.05806870315 
166.8135808897847 -41.2935941829735 
44.36776967302768 175.7317509863472 
-62.07025838418147 -6.412513705395455 
274.41070144630487 -5718.424632753154 
19.413427830706482 51.63799719508078 
-127.94527547084954 107.84815345228427 
543.5732976148928 -14769.053996951316 
17212436.90815044 -473084279974.8213 
-109010357.15342072 473084281509.2474 
-3.297453665319453 -5480.197936629189 
-3475.5306447101566 10743.077133254834 
3730.886286183195 -9241.557374313417 
212.5464875321406 490.3881532011165 
19709.70762093763 5197.2622676332285 