3031.2957565094953 -694064.8500752711 
1538.0542670012458 -492126.64445318613 
4051.4606659481956 -2523688.7878480796 
-12819.151295425878 1567717.7812243223 
58023.89943549691 1152792.972394542 
219.31486869917015 12082.435335982644 
2315.7426154084455 17518.612893413774 
88.64113292055293 4150.317923696101 
148776.94746063472 24110369.81707579 
8965.162568287504 4084493.2251128955 
399.5179652160873 3024360.785322555 
47764.231484747645 -66402545.0946995 
-74.64849389879853 -26835.053807010103 
968.2898890945855 316351.18815109576 
-658.344166665548 -2219414.6893235114 
-175.3490763913038 132802.84657059793 
-518.8804367011136 50.63558075142506 
70838.7063865042 68240502.75077818 
368339.8099854183 -23784519.69904765 
43968.20213970361 104.30312821031939 