2465.944747071124 -695250.1602774917 
1135.7731748317135 -493034.0395976846 
3566.5669562737685 -2528026.3784217127 
-12250.5602577053 1570420.0822950206 
56081.06378985386 1154768.8104377524 
-160.39382424480814 12420.92919002493 
2032.7153404579542 17548.89224591545 
-178.39642058171827 4126.070507511886 
138452.60113538688 24150973.72457959 
8865.501836208314 4091662.8000069275 
388.690803794237 3029808.5555110085 
48215.11982465338 -66520052.89326721 
151.60947415202355 -27027.52679328317 
1066.3402178931296 316894.78698729107 
-770.7672161563911 -2223308.758088281 
35.02552102400299 133138.193109273 
-214.45165269307432 -391.9005735291471 
57750.583561935186 68358382.50887914 
345626.2566106728 -23825124.13451632 
41260.75848262157 97.35331972271672 