2492.240142858955 -696262.696450236 
1156.402974430151 -493809.1703651883 
3594.2751682551643 -2531731.7100303755 
-12287.243550461466 1572728.4886333798 
56512.80504444121 1156456.6449695795 
-80.59064132098757 12721.812615840296 
2106.548542618973 17574.757997882705 
-166.52808487051269 4105.072745042912 
142582.339665486 24185659.096413348 
8950.92532084762 4097787.3182214904 
410.3451266379376 3034462.243943179 
50920.44986408779 -66620432.43645047 
162.64644820328317 -25783.855189672573 
1131.7071037588257 317359.1493829562 
-783.9934572729609 -2226635.216829711 
126.61718248372844 133331.94888717416 
-43.97153364856103 342.0618286922942 
56847.95440162008 68459079.79376538 
344249.677618264 -23859809.957357354 
41407.10678840979 125.15255367312756 