224.4157360020669 -208.892562369399 
283.4016846631893 -514.3993747317083 
-39716.24090654029 4401207.470723925 
-107.07979517482552 -160.8546147863257 
-51.467571740625985 -352.25860194982056 
-120.86761108711453 36928.367700384246 
146.51165562516272 -46.24949868196573 
-33.085810070107065 286.9835483018185 
-64.10693139900823 -2.1194952409445547 
-201.38322715799956 -5591.967798955652 
-70.61169292316066 161.62327151738583 
-130.16462679102995 124.5163970364406 
614.4546100175335 -15235.572044490826 
-74585959.71805854 -479954402638.96375 
-17211959.90136084 479954404191.3936 
211.05941880060823 -6242.563871689942 
-3321.482697914006 11217.695541946176 
3576.5846005977655 -9696.805805098042 
194.28940655293118 496.76153296595567 
18270.484376619945 -4392.058091199491 