2465.944747071124 -698295.8047970957 
1135.7731748317135 -495365.58373168396 
3566.5669562737685 -2539171.7806414207 
-12323.926843217632 1577363.6219953233 
56368.89129291209 1159845.7095453911 
-49.69908664082665 12370.781952389036 
2081.9374752320023 17626.69478556203 
-332.68478482748037 4140.069015824485 
141205.76015545297 24255305.1208097 
8922.450825967851 4110084.9619380333 
403.12701902337074 3043806.554842696 
50018.67318427632 -66821988.18585812 
-124.31487712946705 -25073.18570189509 
1109.9181418035937 318291.5595901251 
-797.2196983895307 -2233314.5347787733 
35.02552102400305 133868.50334905428 
-19.617230927913678 320.47469921515284 
55945.32524130498 68661273.54833855 
345626.2566106728 -23929456.887347683 
41260.75848262157 -69.44208397974842 