397.16655671156406 -186.46962888509276 
156.5143898639717 -529.4875120721281 
-53046.83392237702 4438766.567131985 
-115.14403991141313 -178.21430013358142 
-28.30098920202856 -434.0758200900717 
-352.0580117488722 37630.99228184005 
135.90953799860674 -48.837584879693814 
-73.5337976115867 261.0248006752916 
-65.17053429882792 0.12242882638046432 
-66.57494738929395 -5820.562844728306 
-117.62508248310112 219.05986655556177 
-131.32333775465236 133.2210811126307 
534.7131335645629 -15479.198135983681 
-63111160.1397824 -483542133363.5715 
63111637.694191575 483542134925.4033 
24.489548321528655 -6650.974194041071 
-2589.7549506322916 11465.551822040543 
2535.0482228961173 -9934.546652285568 
184.75515300455902 552.5286057982618 
4238.057744522528 4398.152237730502 