2465.944747071124 -702362.0214908151 
1135.7731748317135 -498478.4104646752 
3566.5669562737685 -2554051.921863511 
-12323.926843217632 1586633.8887192104 
56368.89129291209 1166623.8386970144 
-271.0885618489513 12370.781952388807 
2032.7153404580404 17730.56836091747 
177.65365075462708 4118.5713066301405 
138452.60113538688 24394597.169602405 
8922.450825967851 4134680.2493711193 
388.690803794237 3062495.17664173 
48215.11982465338 -67225099.68467242 
151.6094741520232 -23385.345668423564 
1066.3402178931296 320156.3800044629 
-770.7672161563911 -2246673.1706768977 
129.47942190434497 134539.19642640444 
-19.6172309279024 320.4746992150718 
57750.583561935186 69065661.05748488 
348379.41459549044 -24068750.74732834 
41553.455094198005 83.45370274751127 