2978.704964933833 -704897.3799233615 
1496.7946678043706 -500419.31329917867 
3996.044241985404 -2563329.954582028 
-12892.51788093821 1592414.064907721 
58311.72693855514 1170850.1227826609 
3.0739859378569045 12232.877048890081 
2217.2983458605518 17795.335382703193 
-113.12057417004718 4115.821599640052 
143270.62942050255 24481448.239551216 
9022.111558047041 4150015.848551235 
385.0817499869536 3074147.8647397445 
45960.67812512471 -67476446.87414895 
-74.6484938987991 -22038.034764512086 
924.7119651841215 321319.12870154507 
-658.344166665548 -2255002.517763574 
216.77772423314573 134844.73438386395 
-518.8804367011747 50.63558075143398 
70838.7063865042 69317803.86210082 
373846.12595505355 -24155602.946585055 
44553.59536285648 -187.58882826899443 