-264.43231434311525 -99.64032813869174 
-356.6742189397836 -533.9818516419917 
-58090.84209053146 4584208.1744993655 
-146.37151776518454 -245.43687344782217 
61.407896727861605 -473.5737877138131 
415.29736066036594 37968.25208093883 
94.85447881795277 -58.85960628481665 
-230.0145717921912 36.0961841602638 
-69.28919060875516 8.803951622470855 
-18.99555452867514 -5849.745190997296 
-235.65735944260138 148.18033876234142 
-135.95688256909517 166.88120146088954 
552.4334616652231 -16422.601298785794 
-86060759.29633464 -497435048084.3929 
86061237.00720654 497435049682.6324 
143.5766996880917 -7358.885419447847 
-2358.683030438066 12425.335715171923 
2303.5956945179732 -10855.16014565003 
147.83527682785547 562.0886754112854 
2079.222878046003 5996.372297535955 