2492.240142858955 -705745.1780680006 
1156.402974430151 -501068.33152117586 
3594.2751682551643 -2566432.43461944 
-12433.976721486131 1594346.8971989662 
57088.46005055767 1172263.3493152622 
-268.51426562567144 12395.855571206746 
2106.548542619051 17816.992817880055 
-166.5280848705091 4105.0727450427985 
142582.339665486 24510490.356443767 
9064.823300366696 4155143.917373746 
410.3451266379376 3078044.405450808 
50920.44986408779 -67560494.82498817 
162.64644820328272 -20927.613689859765 
1131.7071037588257 321707.94007251866 
-783.9934572729609 -2257787.766947867 
9.265366238455371 135165.17663193124 
-43.97153364854386 342.06182869208885 
56847.95440162008 69402117.85857303 
349755.99358789925 -24184645.441106714 
41992.50001156266 125.15255367312756 