3031.2957565094953 -706592.9762126397 
1538.0542670012458 -501717.34974317305 
4051.4606659481956 -2569534.9146568524 
-12965.884466450543 1596279.7294902115 
58599.55444161337 1173676.5758478635 
-25.24327251899299 12884.79113815675 
2266.520480634557 17838.650253056716 
-397.9606312391502 4107.322505307348 
146023.78844056863 24539532.473336317 
9022.111558047041 4160271.986196257 
385.0817499869536 3081940.9461618713 
45960.67812512471 -67644542.7758274 
101.94309092135475 -20290.97227372577 
924.7119651841215 322096.75144349225 
-631.8916844324084 -2260573.0161321596 
-264.07849843041276 135515.4274612141 
284.8115530802068 -122.06145506522174 
72643.96470713441 69486431.85504524 
376599.2839398712 -24213687.935628373 
44846.29197443292 -62.49227549214567 