2518.5355386467863 -708453.3105300232 
1177.0327740285886 -503141.498732674 
3621.98338023656 -2576342.7263029274 
-12544.02659975463 1600520.968119816 
57232.37380208678 1176777.6369122919 
-49.69908664085166 12270.487477117 
2131.159610006075 17886.173440197308 
-154.65974915929797 4147.568216706201 
143958.91917551905 24603259.962062623 
9093.297795246464 4171524.573233331 
403.12701902337074 3090491.1753051053 
50018.67318427632 -67828970.269849 
-300.9064619496214 -19683.942086249168 
1109.9181418035937 322949.925210131 
-770.7672161563911 -2266684.7240578826 
129.47942190434497 135880.58258110474 
-19.61723092788944 320.4746992149484 
57750.583561935186 69671443.1364037 
353885.7305651257 -24277416.252991065 
42138.84831735088 -180.63901978139177 