3005.000360721664 -709301.1086746623 
1517.4244674028082 -503790.5169546712 
4023.7524539667997 -2579445.2063403395 
-13002.56775920671 1602453.8004110612 
58743.468193142486 1178190.8634448932 
-244.0584515038964 12859.717519338801 
2241.90941324758 17907.8308753734 
76.77279720934355 4129.320161227227 
144647.2089305356 24632302.078955173 
9050.58605292681 4176652.642055842 
377.8636423723867 3094387.7160161687 
45058.90144531324 -67913018.22068822 
388.9044162541047 -19580.302785948286 
902.9230032288895 323338.7365811046 
-645.1179255489782 -2269469.9732421753 
-172.48683697068725 136051.98192309422 
309.16585580087565 -100.47432558810769 
71741.3355468193 69755757.1328759 
377975.86293228 -24306458.747512724 
44992.64028022114 132.10236216073022 