2978.704964933833 -712354.7891956373 
1496.7946678043706 -506128.2129201587 
3996.044241985404 -2590620.015953767 
-13039.251051962876 1609415.660796589 
58887.3819446716 1183281.1580646893 
-213.16689682372152 12182.729811253892 
2266.5204806346223 17985.83869875559 
-397.9606312391315 4129.820107952688 
146023.78844056863 24736908.755914122 
9136.009537566117 4195123.411274365 
399.5179652160873 3108422.649383032 
47764.231484747645 -68215750.17631765 
-350.5728451802899 -17922.073981134155 
968.2898890945855 324739.1945997772 
-684.7966488986875 -2279502.1503988695 
-175.34907639130364 136588.53638497434 
-518.8804367012104 50.63558075144003 
69033.44806587399 70059447.357136 
376599.2839398712 -24411066.78465235 
44846.29197443292 215.50006401196273 