3057.5911522973265 -713367.3253683817 
1558.6840665996833 -506903.34368766245 
4079.1688779295914 -2594325.34756243 
-13149.300930231375 1611724.0671349482 
59319.123199258946 1184968.9925965164 
-22.66897629564835 12960.011994610366 
2291.1315480216444 18011.704450718633 
-101.25223845884149 4136.8193621089895 
147400.36795060168 24771594.12774788 
9164.484032445886 4201247.929488925 
392.29985760152044 3113076.337815203 
46862.45480493618 -68316129.71950004 
-361.6098192315496 -16619.179920208768 
946.5009271393535 325203.55699544237 
-645.1179255489782 -2282828.6091402997 
-26.51262651924985 136722.67500044437 
309.1658558009021 -143.64858454220422 
71741.3355468193 70160144.64202224 
380729.02091709763 -24445752.607493382 
45285.336891797575 -34.693041541734864 