3005.000360721664 -715062.9216576599 
1517.4244674028082 -508201.3801316568 
4023.7524539667997 -2600530.3076372542 
-13075.934344719042 1615589.7317174387 
59319.123199258946 1187795.445661719 
5.648282161218853 12057.361717164138 
2291.1315480216526 18055.01932106908 
76.77279720933899 4107.82245203261 
147400.36795060168 24829678.36153298 
9221.433022205423 4211504.067133943 
406.73607283065417 3120869.4192373296 
48666.00816455911 -68484225.62117848 
112.98006497261397 -16678.40237752356 
990.0788510498176 325981.17973738955 
-671.5704077821177 -2288399.107508885 
-55.13502072541399 137184.7080092856 
-543.234739421872 72.22271022851041 
69936.0772261891 70328772.63496666 
377975.86293228 -24503837.5965367 
45285.336891797575 -159.7895943185836 