2492.240142858955 -716248.2318598805 
1156.402974430151 -509108.77527615527 
3594.2751682551643 -2604867.8982108873 
-12580.709892510797 1618292.032788137 
57376.2875536159 1189771.2837049293 
-186.13678647856386 12571.370902932129 
2057.3264078451575 18085.298673564866 
-320.8164491162631 4118.071359904485 
139829.18064541992 24870282.26903678 
9064.823300366696 4218673.642027971 
381.47269617967015 3126317.189425783 
47313.343144841914 -68601733.41974516 
339.2380330234361 -15331.09147361214 
1044.5512559378976 326524.77857358486 
-757.5409750398213 -2292293.1762736547 
-85.18853464188638 137520.05454796067 
-238.805955413734 -413.4877030054833 
58653.21272225029 70446652.39306761 
358015.46754235215 -24544442.03200537 
42577.893234715535 -166.73940280618635 