2465.944747071124 -717260.7680326249 
1135.7731748317135 -509883.906043659 
3566.5669562737685 -2608573.22981955 
-12617.393185266963 1620600.4391264962 
57520.20130514501 1191459.1182367564 
138.22453766392266 12596.44452175008 
2081.9374752321605 18111.164425527295 
-332.68478482746315 4140.069015824453 
141205.76015545297 24904967.640870538 
9150.246785006002 4224798.160242531 
403.12701902337074 3130970.877857954 
50018.67318427632 -68702112.96292755 
-124.31487712946796 -15360.702702269533 
1109.9181418035937 326989.14096925 
-797.2196983895307 -2295619.635015085 
246.8312381496183 137713.81032586182 
-19.617230927867706 320.4746992147716 
55945.32524130498 70547349.67795385 
356638.88854994334 -24579127.854846403 
42431.54492892732 -69.44208397974842 