2465.944747071124 -718956.3643219031 
1135.7731748317135 -511181.9424876534 
3566.5669562737685 -2614778.1898943745 
-12617.393185266963 1624466.1037089867 
57520.20130514501 1194285.571301959 
-160.3938242450633 12420.929190024424 
2032.7153404581609 18154.479295876412 
-178.396420581705 4126.070507511709 
138452.60113538688 24963051.874655638 
9150.246785006002 4235054.297887549 
388.690803794237 3138763.9592800806 
48215.11982465338 -68870208.864606 
151.60947415202241 -14886.923043751238 
1066.3402178931296 327766.7637111972 
-770.7672161563911 -2301190.1333836704 
-205.40259030777594 138235.46049713416 
-214.45165269308524 -391.9005735283253 
57750.583561935186 70715977.67089827 
359392.046534761 -24637212.84388972 
42724.241540503754 97.35331972271672 