2518.5355386467863 -720306.4125522289 
1177.0327740285886 -512215.4501776584 
3621.98338023656 -2619718.6320392583 
-12690.759770779296 1627543.978826799 
58095.85631126147 1196536.0173443952 
27.529800059737482 12746.886234657784 
2131.15961000616 18188.96696515892 
153.91697933221408 4097.073597435207 
143958.91917551905 25009299.037100647 
9207.19577476554 4243220.322173629 
403.12701902337074 3144968.8771896414 
50018.67318427632 -69004048.25551584 
-300.906461949622 -13613.640211483318 
1109.9181418035937 328385.91357208404 
-770.7672161563911 -2305625.4117055773 
246.83123814961834 138384.50340321197 
-214.4516526930837 -391.90057352827444 
57750.583561935186 70850240.71741326 
359392.046534761 -24683460.607677765 
43016.93815208019 -194.53863675659713 