2439.6493512832926 -721664.4967839257 
1115.143375233276 -513255.10969915154 
3538.8587442923726 -2624688.4815778616 
-12654.07647802313 1630640.1746298363 
57664.11505667413 1198799.8588989887 
58.42135473997617 12395.855571206474 
2057.326407845165 18223.659918186746 
-142.79141344808014 4126.570454237192 
139829.18064541992 25055821.480274495 
9178.72127988577 4251434.953747126 
395.9089114088039 3151210.729134378 
49116.89650446485 -69138684.30946682 
-311.9434360008817 -13702.473897455498 
1088.1291798483617 329008.7488488095 
-783.9934572729609 -2310087.090493686 
-236.8872239345565 138369.5991126042 
-238.8059554137391 -413.4877030052872 
56847.95440162008 70985302.94872893 
358015.46754235215 -24729983.65577407 
42577.893234715535 0.0560008962787073 