2978.704964933833 -721837.2708134019 
1496.7946678043706 -513387.3740761462 
3996.044241985404 -2625320.740542832 
-13185.984222987541 1631034.0693621754 
59463.03695078806 1199087.862410372 
3.07398593786927 12132.58257361799 
2266.5204806346633 18228.07351871987 
-397.960631239121 4129.820107952642 
146023.78844056863 25061740.01594454 
9249.907517085192 4252480.010426595 
399.5179652160873 3152004.810890661 
47764.231484747645 -69155812.56485112 
-350.57284518029036 -13065.832481321539 
968.2898890945855 329087.9852893397 
-684.7966488986875 -2310654.7005170253 
-264.07849843041254 138690.0413606715 
-518.8804367012563 50.63558075144452 
69033.44806587399 71002485.42194365 
382105.59990950645 -24735902.26840171 
45431.68519758579 215.50006401196273 