2518.5355386467863 -722677.03295667 
1177.0327740285886 -514030.2404666553 
3621.98338023656 -2628393.8131865244 
-12764.126356291628 1632948.5809681956 
58095.85631126147 1200487.6934308158 
-265.939969402584 12320.634714752621 
2131.1596100061643 18249.52567014818 
-154.65974915929064 4147.5682167061905 
143958.91917551905 25090506.85210825 
9264.144764525077 4257559.471961686 
403.12701902337074 3155864.4175665486 
50018.67318427632 -69239063.85264921 
-300.9064619496221 -12399.579836530185 
1109.9181418035937 329473.11124447465 
-770.7672161563911 -2313413.549235116 
35.02552102400333 138816.72783083763 
-19.61723092785313 320.47469921466023 
57750.583561935186 71086000.23361517 
362145.2045195786 -24764669.478615105 
43016.93815208019 -180.63901978139177 