2978.704964933833 -723862.3431588906 
1496.7946678043706 -514937.63561115373 
3996.044241985404 -2632731.4037601575 
-13185.984222987541 1635650.8820388939 
59463.03695078806 1202463.5314740262 
80.30287263850119 12784.496662884696 
2217.2983458606664 18279.805022642344 
-113.12057417004033 4115.821599639781 
143270.62942050255 25131110.759612054 
9249.907517085192 4264729.046855715 
385.0817499869536 3161312.187755002 
45960.67812512471 -69356571.6512159 
-74.64849389880001 -12325.5517648867 
924.7119651841215 330016.71008066996 
-658.344166665548 -2317307.6179998857 
70.8035137817086 139092.45720708158 
-518.8804367012658 50.63558075144422 
70838.7063865042 71203879.99171613 
384858.7578943241 -24805273.914083775 
45724.38180916223 -187.58882826899443 