-294.99263535817613 356.1297333265933 
156.51421072725742 -539.7586919918375 
-56649.696899630195 5044506.887925801 
-245.02813485872053 -44.01913011773894 
159.00353527710877 -580.7883483983485 
434.97313944009 21779.781724197856 
-34.99648909027252 -90.53398392195666 
151.15838968186296 123.95134932218875 
-13.321182116439317 -276.87124336090204 
107.88282642933399 -4954.819905419964 
178.463535958336 -3.356332063246585 
-151.04240156303908 255.9069294651113 
587.8741178665434 -19408.316803038146 
-131959957.60943912 -541403833134.9046 
131960435.63323654 541403834848.36835 
175.33327338639543 -13131.084641996833 
-2204.6350836419156 15462.89353079651 
2149.294008932561 -13768.750102671625 
30.98995134165564 568.4620552806152 
-799.2236105883086 -1994.7280014918379 