2492.240142858955 -725730.7134776451 
1156.402974430151 -516367.9364321428 
3594.2751682551643 -2639568.622799952 
-12727.443063535462 1639910.4413537234 
57951.94255973236 1205577.988050612 
-162.96812046846418 12345.708333570527 
2057.326407845171 18327.53349352277 
-320.81644911625494 4118.071359904366 
139829.18064541992 25195113.5290672 
9178.72127988577 4276030.241180201 
381.47269617967015 3169899.350933412 
47313.343144841914 -69541795.80827864 
339.23803302343566 -10474.849973799608 
1044.5512559378976 330873.5692631473 
-757.5409750398213 -2323445.7263918105 
37.88776044461975 139383.0908739333 
-238.80595541374026 -413.4877030051407 
58653.21272225029 71389690.45787527 
363521.7835119874 -24869277.51575473 
43163.28645786841 -166.73940280618635 