108.01037254247369 364.42983421987 
184.71120243767209 -570.5802803437819 
-55208.551708728926 5129214.637271638 
-249.47791370069984 -5.3259018157852225 
106.75495634788626 -614.6447471316407 
41.45756384560887 20711.7923603851 
-58.87701642054456 -96.35058958027706 
242.12498974776213 254.46006023873557 
5.46363974788834 -215.04630993599216 
-431.3502926421967 -5159.096329301748 
72.43175838288421 126.17856251512994 
-153.81674197393474 255.9069401843305 
587.8741178665434 -19957.771392362363 
-131959957.60943912 -549495310939.33905 
131960435.6332366 549495312674.00726 
48.30697859322831 -15145.90889892431 
-2358.683030438066 16021.888545477423 
2303.5956945179855 -14304.93158781796 
9.487156711132528 562.0886721101657 
-2238.446854906257 -5191.168121102657 