3005.000360721664 -733007.3127190737 
1517.4244674028082 -521938.41984464 
4023.7524539667997 -2666197.0178130013 
-13369.400686768373 1656499.8218250272 
60182.605708433635 1217707.6243090997 
-244.0584515041743 12859.717519338548 
2241.9094132477426 18513.417925268775 
76.77279720934241 4129.320161227125 
144647.2089305356 25444380.22903122 
9335.331001724498 4320044.139936425 
377.8636423723867 3203343.119785241 
45058.90144531324 -70263174.1920219 
388.90441625410494 -7439.699036416834 
902.9230032288895 334210.7133050107 
-645.1179255489782 -2347351.3485375647 
67.9412743610922 141030.01498609313 
309.1658558010506 -100.47432558782253 
71741.3355468193 72113352.29489504 
391741.65285636816 -25118547.456886124 
46456.12333810332 132.10236216073022 