2465.944747071124 -735550.7071529911 
1135.7731748317135 -523885.4745106316 
3566.5669562737685 -2675504.4579252377 
-12837.492941803961 1662298.318698763 
58383.6838143197 1221947.3039069036 
-49.69908664090125 12471.076427660282 
2032.7153404582582 18578.390230786245 
177.65365075461855 4118.571306629782 
138452.60113538688 25531506.57970887 
9321.093754284615 4335428.346403951 
388.690803794237 3215032.741918431 
48215.11982465338 -70515318.04453957 
151.6094741520232 -6388.500419079407 
1066.3402178931296 335377.14741793147 
-770.7672161563911 -2355707.096090443 
246.83123814961846 141439.8829778071 
-19.61723092782086 320.47469921438704 
57750.583561935186 72366294.28431167 
367651.5204892139 -25205674.9404511 
43602.331375233065 83.45370274751127 