2978.704964933833 -735715.4451810963 
1496.7946678043706 -524011.58705613815 
3996.044241985404 -2676107.3094964884 
-13332.717394012207 1662673.892745877 
60038.69195690452 1222221.9119061294 
-102.47215921967923 12232.877048889733 
2217.298345860755 18582.59854757327 
112.3778043429586 4128.820214501699 
143270.62942050255 25537149.834650077 
9363.805496604267 4336424.795796002 
385.0817499869536 3215789.8896395382 
45960.67812512471 -70531649.63688274 
-74.64849389879852 -6255.249890121144 
924.7119651841215 335452.698442623 
-658.344166665548 -2356248.3056475804 
188.15533002698186 141596.3780291888 
284.81155308041315 -122.06145506482193 
70838.7063865042 72382677.5727257 
390365.07386395935 -25211318.268770475 
46309.775032315105 -201.48844524419988 