3031.2957565094953 -736736.0173552117 
1538.0542670012458 -524792.86965513 
4051.4606659481956 -2679842.048498871 
-13479.450565036872 1665000.6197694612 
60614.34696302098 1223923.141950114 
-130.78941767658117 12985.085613428311 
2315.7426154087552 18608.66958327826 
88.6411329205504 4150.317923696305 
148776.94746063472 25572110.487212673 
9477.703476123343 4342597.92129798 
399.5179652160873 3220480.5121068847 
47764.231484747645 -70632825.84310625 
-74.64849389880018 -4981.967057853212 
968.2898890945855 335920.7462541268 
-658.344166665548 -2359601.1648552124 
-175.34907639130336 141596.3780291888 
-518.880436701327 50.63558075143499 
70838.7063865042 72484174.04241262 
393118.231848777 -25246279.37591977 
46602.47164389154 104.30312821031939 