2518.5355386467863 -739271.375787758 
1177.0327740285886 -526733.7724896334 
3621.98338023656 -2689120.0812173877 
-12984.226112828626 1670780.7959579718 
59247.16632349439 1228149.4260357604 
-155.24523179847188 12270.487477116547 
2131.1596100062625 18673.436605048744 
153.91697933221062 4097.073597434891 
143958.91917551905 25658961.557161484 
9434.99173380369 4357933.520478088 
403.12701902337074 3232133.200204899 
50018.67318427632 -70884173.03258279 
-300.90646194960783 -3901.1572118583013 
1109.9181418035937 337083.49495120894 
-770.7672161563911 -2367930.511941889 
6.403126817839307 142140.38463637282 
-214.4516526931029 -391.90057352762364 
57750.583561935186 72736316.84702857 
370404.6784740315 -25333131.575176485 
44187.72459838594 -194.53863675659713 