2492.240142858955 -741304.4841346177 
1156.402974430151 -528290.185856129 
3594.2751682551643 -2696560.151828433 
-13020.909405584793 1675415.9293199154 
59103.25257196528 1231538.490611572 
246.3449790449972 12621.518140567898 
2106.548542619265 18725.373392712096 
165.78531504342115 4139.569069099041 
142582.339665486 25728607.581557836 
9463.46622868346 4370231.164194626 
410.3451266379376 3241477.511104416 
50920.44986408779 -71085728.7819887 
162.64644820329605 -2716.708065562355 
1131.7071037588257 338015.90515837783 
-783.9934572729609 -2374609.829890951 
155.2395766898931 142647.13051703738 
-190.09734997246022 -413.48770300450906 
56847.95440162008 72938510.60160173 
371781.2574664403 -25402778.505166814 
44041.37629259772 111.25293669792208 