2492.240142858955 -743675.1045390589 
1156.402974430151 -530104.9761451259 
3594.2751682551643 -2705235.332975699 
-13020.909405584793 1680820.531461312 
59391.08007502351 1235490.1666979927 
-80.59064132117085 12721.812615839715 
2106.548542619268 18785.932097694305 
-166.5280848704874 4105.072745042219 
142582.339665486 25809815.39656544 
9520.415218442997 4384570.313982683 
410.3451266379376 3252373.0514813233 
50920.44986408779 -71320744.37912206 
162.64644820439534 -1502.647690612006 
1131.7071037588257 339103.10283076845 
-783.9934572729609 -2382397.96742049 
-85.18853464188604 143228.39785074085 
-43.971533648915575 342.0618286828525 
56847.95440162008 73174270.11780365 
371781.2574664403 -25483987.376104154 
44334.07290417416 125.15255367312756 