2978.704964933833 -745197.9267988609 
1496.7946678043706 -531270.7482121256 
3996.044241985404 -2710808.034085553 
-13479.450565036872 1684292.3013114634 
60614.34696302098 1238028.616251812 
113.76872354218807 12182.729811253696 
2217.2983458607655 18824.833367504703 
112.37780434295766 4128.820214501678 
143270.62942050255 25861981.094680496 
9477.703476123343 4393781.394948232 
385.0817499869536 3259372.051147167 
45960.67812512471 -71471712.02541621 
-74.64849356367715 -1399.0083904020614 
924.7119651841215 339801.48913218547 
-658.344166665548 -2387400.855765736 
70.80351378170883 143489.22293637702 
284.81155284316884 -122.06145503244319 
70838.7063865042 73325715.63753335 
395871.3898335946 -25536153.752519835 
46895.16825546798 -201.48844524419988 