2465.944747071124 -745708.2128859186 
1135.7731748317135 -531661.3895116216 
3566.5669562737685 -2712675.4035867443 
-13057.592698340959 1685455.6648232555 
59247.16632349439 1238879.2312738043 
-49.69908664091046 12370.781952388354 
2081.9374752322683 18837.868885356736 
-332.68478482743797 4140.069015824477 
141205.76015545297 25879461.420961794 
9491.940723563228 4396867.957699221 
403.12701902337074 3261717.3623808403 
50018.67318427632 -71522300.12852797 
-124.31487676402683 -791.9782028062274 
1109.9181418035937 340035.51303793734 
-797.2196983895307 -2389077.285369552 
-110.94868942743378 143302.91930377975 
-19.617231073218562 320.4746992228048 
55945.32524130498 73376463.87237681 
373157.83645884914 -25553634.306094483 
44187.72459838594 -69.44208397974842 