2465.944747071124 -747387.7371724548 
1094.5135756348384 -532947.1222926397 
3511.150532310977 -2718821.5488741295 
-12984.226112828626 1689284.6880352958 
58959.33882043616 1241678.8933146922 
32.67839250648191 12546.297284114034 
1983.4932056842708 18880.773188207666 
-154.6597491592812 4168.066032449844 
135699.4421153208 25936995.093289215 
9378.042744044153 4407026.880769404 
359.81837333596957 3269436.5757326153 
44608.01310540751 -71688802.70412415 
350.2663061295763 -851.1133462502663 
1109.9181418035937 340805.7649482073 
-770.7672161563911 -2394594.982805734 
158.1018161105096 143764.95231262097 
-165.66685557053177 -478.2782372988272 
57750.583561935186 73543493.49571986 
373157.83645884914 -25611168.726521276 
44187.72459838594 139.05217064833295 