2952.4095691460016 -751265.107833956 
1476.164868205933 -535915.38098566 
3968.336030004008 -2733010.6163438107 
-13516.133857793038 1698124.4186563937 
60758.260714550095 1248142.2279306175 
188.42331401953567 12809.570281702556 
2192.6872784737693 18979.822595506415 
-457.302309795163 4401.791126588788 
144647.2089305356 26069818.044954196 
9449.228981243574 4430479.8969481755 
363.427427143253 3287257.2477050144 
43255.348085690304 -72073192.62146941 
-63.81820438616959 999.3045714604705 
1077.2346988707457 342583.9780903377 
-698.0228900152573 -2407333.2077481155 
67.94127436109241 144785.89621925398 
406.53537826649136 -229.97526886624195 
69936.0772261891 73929100.16205011 
394494.8108411858 -25743993.405257773 
46748.81994967976 -90.29150944255656 