2387.05855970763 -752450.4180361766 
1073.8837760364008 -536822.7761301585 
3483.442320329581 -2737348.206917444 
-12947.54282007246 1700826.719727092 
58527.59756584882 1250118.0659738278 
-52.27338286427541 12345.7083335704 
1909.660003523279 19010.101947996285 
-368.28979196108446 4475.533268580384 
137076.02162535384 26110421.952457998 
9349.568249164384 4437649.471842204 
352.6002657214027 3292705.017893468 
43706.23642559604 -72190700.42003609 
-312.2672662322159 2079.9467025154645 
1218.8629515797538 343127.576926533 
-810.4459395061004 -2411227.276512885 
-202.54035088715924 145121.24275792905 
102.17310440131743 212.65508092583286 
56847.95440162008 74046979.92015107 
371781.2574664403 -25784597.840726443 
43748.67968102128 -55.54246700454302 