159.10043903958908 238.0991416890426 
60.20666756780588 75.1916120256153 
-193.79916499905278 -4.798954207375954 
-203.99992408413462 244.20000178335746 
204.09576666665612 -21.803133638084656 
134.19403322605305 71.99660509708717 
-6.799864590317592 208.09973688548553 
-38.9958625382162 -15.806181550105316 
100.95305052170335 -221.8779098612935 
-52.01429717595238 -231.7963257665623 
226.9870649053748 -130.80158644778425 
-15.00126050853862 -81.79281454478165 
237.38031122261137 -84.18472777538224 
231.0065762162915 152.95102097119263 
241.09169102301775 112.24877511643449 
105.036886801165 -11.984424891276838 
152.10328555471364 -84.90217507768612 
-144.90037053445252 73.99887955894519 
172.09087031776446 -162.78400904915003 
61.16412037639951 1.092249466583452 