2360.763163919799 -752787.930093758 
1094.5135756348384 -537081.1530526597 
3511.150532310977 -2738583.3174536647 
-12984.226112828626 1701596.188506545 
58671.51131737793 1250680.677484437 
-160.39382424523458 12320.634714752445 
1934.2710709102805 19018.723865315435 
-380.1581276723057 4496.531031039457 
138452.60113538688 26121983.74306925 
9378.042744044153 4439690.977913724 
359.81837333596957 3294256.247370858 
44608.01310540751 -72224160.26776356 
-124.55019728434354 2849.719179434114 
1240.6519135349859 343282.36439175473 
-823.6721806226702 -2412336.0960933617 
-82.32629522126962 145136.14704853683 
-116.96773278380087 -521.4635479877127 
55945.32524130498 74080545.68177982 
370404.6784740315 -25796159.781673454 
43602.331375233065 -27.743233054132148 