2952.4095691460016 -758376.9690472794 
1517.4244674028082 -541359.7518526507 
4023.7524539667997 -2759036.159785609 
-13662.867028817704 1714338.2250805835 
61046.088217608325 1259997.2561898795 
216.7405724764805 11957.067241892004 
2192.687278473783 19161.498710444226 
-457.30230981331727 4844.243939146674 
147400.36795060168 26313441.48997701 
9563.12696076265 4473497.346312348 
363.427427143253 3319943.868835736 
43255.348085690304 -72778239.41286951 
-384.04143907979335 1413.7974421695462 
1077.2346988707457 345845.57110750955 
-698.0228900152573 -2430697.6203367324 
-261.2162590097958 146127.28237395428 
-396.98102483993426 -57.2414732298301 
73546.59386744951 74636378.71065585 
400001.12681082106 -25987620.018069793 
47041.5165612562 -104.19112641776192 