2952.4095691460016 -759051.9931624423 
1517.4244674028082 -541876.5056976532 
4023.7524539667997 -2761506.380858051 
-13662.867028817704 1715877.1626394896 
61046.088217608325 1261122.4792110976 
0.49968971452601707 12007.214479527916 
2143.4651436997947 19178.742545082212 
-433.5656383673802 4886.239458374033 
144647.2089305356 26336565.071199514 
9506.177971003111 4477580.358455388 
348.9912119141193 3323046.3277905164 
41451.79472606737 -72845159.10832444 
366.8268349061969 880.8780367338225 
1033.6567749602816 346155.146037953 
-671.5704077821177 -2432915.259497686 
-20.788147678016557 146097.47379273872 
-396.9810248383543 -57.24147323028124 
75351.85218807972 74703510.23391335 
402754.2847956387 -26010743.899963815 
47334.213172832635 48.70466030949777 