2387.05855970763 -759562.2792495 
1115.143375233276 -542267.1469971491 
3538.8587442923726 -2763373.7503592423 
-13094.275991097125 1717040.5261512818 
59103.25257196528 1261973.0942330898 
-162.96812046861328 12295.561095934414 
1909.6600035233014 19191.778062933547 
-344.55312044510924 4917.986071122603 
139829.18064541992 26354045.397480812 
9463.46622868346 4480666.9212063765 
352.6002657214027 3325391.6390241897 
43706.23642559604 -72895747.2114362 
-334.3516268269225 747.6481854805727 
1175.2850276692898 346389.16994370485 
-810.4459395061004 -2434591.689101502 
160.96405553112606 146283.77742533598 
-92.6187508963815 -499.87182023853654 
60458.4710428805 74754258.46875681 
377287.5734360756 -26028224.453538463 
44334.07290417416 -69.44208397974839 