2387.05855970763 -764303.5200583823 
1115.143375233276 -545896.7275751429 
3538.8587442923726 -2780724.1126537747 
-13167.642576609458 1727849.730434075 
59391.08007502351 1269876.4464059311 
24.95550383641967 12420.929190024193 
1909.660003523321 19312.89547288928 
165.7853156426089 5151.461160137014 
137076.02162535384 26516461.02749602 
9520.415218442997 4509345.220782491 
352.6002657214027 3347182.719778004 
43706.23642559604 -73365778.40570293 
361.3057788071886 -3486.0914525978824 
1131.7071037588257 348563.5652884861 
-810.4459395061004 -2450167.9641605797 
-231.16274509332334 147163.13057119507 
-92.61907844655127 -499.8723023686632 
62263.729363510705 75225777.50116064 
380040.7314208932 -26190642.195413142 
44626.769515750595 -97.2413179301592 