2899.818777570339 -767184.4265498811 
1476.164868205933 -548102.1591636357 
3968.336030004008 -2791266.663302232 
-13736.233614330036 1734417.6960872638 
61333.915720666555 1274678.737514344 
-138.51230634674226 12809.57028170252 
2143.465143699812 19386.489695717777 
-409.82896692144516 5269.198597952857 
144647.2089305356 26615149.168784924 
9620.075950522187 4526770.933321537 
363.427427143253 3360423.5713885846 
43255.348085690304 -73651382.10594806 
-361.95567128816174 -6165.483962573355 
1033.6567749602816 349884.78686662856 
-724.4753722483969 -2459632.5312939347 
-172.48683697068674 147871.08437506467 
-396.98161428471514 -57.24018434241259 
73546.59386744951 75512285.25220601 
402754.2847956387 -26289331.61992513 
47334.213172832635 -215.3880622194052 