2387.05855970763 -767349.1645779863 
1115.143375233276 -548228.2717091423 
3538.8587442923726 -2791869.5148734828 
-13241.00916212179 1734793.2701343778 
59678.90757808174 1274953.34551357 
-85.73923376792693 12571.370902931936 
1958.8821382973192 19390.698012504283 
-344.5531204451094 5279.447504429351 
139829.18064541992 26620792.42372613 
9577.364208202534 4527767.382713589 
367.03648095053643 3361180.7191096917 
45509.78978521898 -73667713.69829123 
-135.59140064763224 -6032.25450075139 
1175.2850276692898 349960.3378913201 
-836.89842173924 -2460173.740851072 
-231.16274509332334 147714.58932368297 
102.17294448985967 212.65744860037205 
60458.4710428805 75528668.54062004 
380040.7314208932 -26294974.948244505 
44626.769515750595 69.55408577230594 