2439.6493512832926 -768369.7367521017 
1156.402974430151 -549009.5543081341 
3594.2751682551643 -2795604.253875865 
-13314.375747634123 1737119.997157962 
59966.73508113997 1276654.5755575544 
241.19638659840567 12571.370902931936 
1958.8821382973192 19416.76904820605 
-344.553120445109 5342.940729917703 
139829.18064541992 26655753.076288726 
9577.364208202534 4533940.508215566 
352.6002657214027 3365871.341577038 
43706.23642559604 -73768889.90451474 
361.30577880719073 -8519.204454761566 
1131.7071037588257 350428.38570282387 
-783.9934572729609 -2463526.600058704 
37.887760444620035 148146.81375130863 
-92.61907844655984 -499.8723023685679 
64068.98768414091 75630165.01030697 
385547.0473905285 -26329936.0553938 
45212.16273890347 -236.23748768221333 