2439.6493512832926 -770740.3571565428 
1156.402974430151 -550824.344597131 
3594.2751682551643 -2804279.4350231313 
-13314.375747634123 1742524.5992993587 
59966.73508113997 1280606.251643975 
-80.59064132121752 12521.223665296024 
1958.8821382973192 19477.327753182577 
-344.5531204451129 5449.429367941022 
139829.18064541992 26736960.89129633 
9577.364208202534 4548279.658003624 
352.6002657214027 3376766.8819539454 
43706.23642559604 -74003905.50164811 
-135.5914006476311 -13493.10436278185 
1131.7071037588257 351515.5833752145 
-783.9934572729609 -2471314.737588243 
-202.54035088715918 148787.69824744322 
102.17294448986155 212.65744860035798 
64068.98768414091 75865924.52650888 
385547.0473905285 -26411144.92633114 
45212.16273890347 -222.33787070700797 