2926.1141733581703 -771242.6072422295 
1496.7946678043706 -551208.8340651388 
3996.044241985404 -2806117.397130603 
-13772.916907086203 1743669.6421259257 
61477.82947219567 1281443.47115381 
80.30287263859547 12734.34942524865 
2118.854076312816 19490.157987287766 
-89.3839024012556 5467.677420935563 
143270.62942050255 26754165.93684879 
9591.601455642418 4551317.613467195 
341.7731042995524 3379075.2591524427 
40550.0180462559 -74053696.94171874 
377.86901812235146 -14129.645124820161 
968.2898890945855 351745.92186512775 
-684.7966488986875 -2472964.7667258573 
-23.650387098632976 148646.1074866693 
-421.33061715176666 -78.83199497783704 
76254.48134839482 75915873.57655166 
406884.02177286515 -26428350.195597526 
47773.25809019729 -118.0907433929673 