2899.818777570339 -771580.119299811 
1476.164868205933 -551467.2109876401 
3968.336030004008 -2807352.507666824 
-13736.233614330036 1744439.1109053788 
61333.915720666555 1282006.082664419 
188.42331401959262 12709.275806430695 
2094.2430089258196 19498.779904606454 
100.50946916626701 5481.175980684944 
141894.0499104695 26765727.72746004 
9620.075950522187 4553359.119538715 
348.9912119141193 3380626.488629833 
41451.79472606737 -74087156.7894462 
-85.90168270214892 -14159.25167189171 
990.0788510498176 351900.70933034946 
-698.0228900152573 -2474073.586306334 
96.56366856725663 148661.01177727708 
406.5354803280189 -229.9746694257858 
75351.85218807972 75949439.33818041 
405507.44278045633 -26439912.136544537 
47626.90978440907 201.6004470367574 