2439.6493512832926 -773110.977560984 
1156.402974430151 -552639.1348861279 
3594.2751682551643 -2812954.6161703975 
-13387.742333146456 1747929.2014407553 
60254.5625841982 1284557.9277303957 
-162.9681204686517 12195.26662066259 
1958.8821382973351 19537.88645815907 
-344.5531204451158 5555.9180059637865 
139829.18064541992 26818168.706303935 
9634.313197962072 4562618.807791681 
352.6002657214027 3387662.4223308526 
43706.23642559604 -74238921.09878148 
361.30577880719073 -16039.267410935092 
1131.7071037588257 352602.7810476051 
-783.9934572729609 -2479102.875117782 
-113.81092884805014 149055.97547838328 
-92.61907844655734 -499.8723023685468 
64068.98768414091 76101684.0427108 
388300.2053753461 -26492353.79726848 
45504.85935047991 -236.23748768221333 