2899.818777570339 -774296.2877632045 
1476.164868205933 -553546.5300306263 
3968.336030004008 -2817292.2067440306 
-13809.600199842369 1750631.5025114536 
61909.570726783015 1286533.765773606 
-27.817568742400958 12759.423044066607 
2143.4651436998374 19568.165810646817 
-409.82896692145226 5588.664512022352 
144647.2089305356 26858772.613807738 
9733.973930041262 4569788.38268571 
363.427427143253 3393110.192519306 
43255.348085690304 -74356428.89734817 
388.91117766579197 -20406.233103988376 
1033.6567749602816 353146.3798838004 
-724.4753722483969 -2482996.9438825515 
-20.788147678016557 149391.32201705835 
406.5354803280215 -229.97466942578208 
73546.59386744951 76219563.80081175 
405507.44278045633 -26532958.23273715 
47919.60639598551 -229.2876791946107 