2978.704964933833 -775308.8239359489 
1538.0542670012458 -554321.6607981301 
4051.4606659481956 -2820997.5383526934 
-13919.650078110868 1752939.9088498128 
62053.48447831213 1288221.6003054332 
219.31486869989175 12032.288098345813 
2168.0762110868363 19594.03156260243 
-421.6973026444236 5651.6577908525 
146023.78844056863 26893457.985641494 
9705.499435161493 4575912.90090027 
356.20931952868614 3397763.8809514767 
42353.571405878836 -74456808.44053055 
-372.9978308316016 -21116.790233705517 
1011.8678130050496 353610.74227946554 
-684.7966488986875 -2486323.4026239817 
188.15533002698209 149838.4507352918 
-421.33061715176586 -35.648373706996786 
76254.48134839482 76320261.085698 
409637.1797576828 -26567644.055578183 
48358.651313350165 20.905426359086903 