2387.05855970763 -776831.6461957509 
1115.143375233276 -555487.4328651298 
3538.8587442923726 -2826570.2394625475 
-13387.742333146456 1756411.6786999642 
60254.5625841982 1290760.0498592525 
-268.5142656263037 12295.561095934372 
1958.8821382973456 19632.932832408693 
-344.5531204451175 5705.4020565209485 
139829.18064541992 26945623.68375655 
9691.26218772161 4585123.981865819 
367.03648095053643 3404762.8806173205 
45509.78978521898 -74607776.0868247 
-135.5914006476311 -21072.380413098195 
1175.2850276692898 354309.12858088256 
-836.89842173924 -2491326.290969228 
-202.54035088715912 150129.08440214352 
102.17294448986547 212.65744860033834 
60458.4710428805 76471706.6054277 
385547.0473905285 -26619810.431993864 
45212.16273890347 69.55408577230594 