2413.3539554954614 -777169.1582533324 
1135.7731748317135 -555745.809787631 
3566.5669562737685 -2827805.3499987684 
-13424.425625902622 1757181.1474794173 
60398.47633572731 1291322.6613698616 
-188.71108270223175 12596.444521749869 
1983.4932056843445 19641.55474972723 
-356.4214561680887 5726.399816130933 
141205.76015545297 26957185.4743678 
9719.736682601379 4587165.487937339 
374.2545885651033 3406314.1100947107 
46411.566465030446 -74641235.93455216 
328.1793001768692 -21042.773866026648 
1197.0739896245218 354463.9160461043 
-823.6721806226702 -2492435.1105497046 
-82.3262952212695 150114.18011153574 
-68.27007557950276 -521.4641130039549 
61361.1002031956 76505272.36705644 
386923.6263829373 -26631372.372940876 
45358.51104469169 -111.14093490536456 