100.26032552199317 1274.6753854393467 
211.15858001314618 5115.387748878648 
-49443.97094512385 6420608.249940249 
25.83453011525774 -63.96785495112083 
127.23087688007975 -574.1349202281784 
-86.43499822354124 2668.393108597954 
-94.02152548467886 -185.02712206239343 
1.8633232857406457 155.95983647632443 
225.56199513880557 58.00899672794108 
345.7797907256043 -2542.4126138632755 
-152.228006197714 201.0253446101949 
-194.25252382056823 19.565829567590907 
623.3147740677214 -28334.36211261056 
-177859155.9225436 -672852180108.8284 
177859634.25926697 672852182166.7183 
-229.56304126009593 -30447.682309642852 
-2050.5871368457756 24543.92575042556 
1994.9923233471466 -22479.170078351843 
-194.99317341367438 619.4493740494233 
2079.222878047577 -27566.24895837842 