2387.05855970763 -783268.4832939114 
1115.143375233276 -560415.0498871179 
3538.8587442923726 -2850125.561831904 
-13461.108918658789 1771086.5475652479 
60542.390087256426 1301489.8550972964 
-162.9681204686806 12295.561095934372 
1909.6600035233478 19797.365112696705 
165.78531564258893 6003.37026431888 
137076.02162535384 27166123.54755686 
9748.211177481147 4624058.419086951 
352.6002657214027 3434347.042793262 
43706.23642559604 -75245903.18276988 
361.30577880719073 -33566.343277291264 
1131.7071037588257 357261.14666761097 
-810.4459395061004 -2512473.0643968913 
-79.46405580065309 151381.04481319714 
-92.61907844655242 -499.87230236851633 
62263.729363510705 77111853.63077594 
391053.36336016376 -26840313.162911862 
45797.55596205634 -97.2413179301592 