2899.818777570339 -783433.2213220167 
1476.164868205933 -560541.1624326245 
3968.336030004008 -2850728.413403155 
-13956.333370867034 1771462.1216123619 
62197.398229841245 1301764.4630965223 
-215.74119304750764 12057.36171716377 
2094.2430089258396 19801.57342948306 
100.50946916625365 6013.619170795132 
141894.0499104695 27171766.802498065 
9790.9229198008 4625054.868479002 
348.9912119141193 3435104.190514369 
41451.79472606737 -75262234.77511305 
410.995496752673 -34173.27749225799 
990.0788510498176 357336.6976923025 
-698.0228900152573 -2513014.2739540287 
-20.7881476780165 151224.54976181543 
-396.9816142847119 -57.24018434241861 
75351.85218807972 77128236.91918997 
413766.91673490923 -26845956.491231237 
48504.99961913838 187.70083006155195 