2926.1141733581703 -784116.2814385506 
1496.7946678043706 -561064.0681091151 
3996.044241985404 -2853228.0418693163 
-13993.0166636232 1773019.379856493 
62629.13948442859 1302903.0816298977 
-135.9380101234268 12834.64390052047 
2168.0762110868363 19819.022547865516 
-421.69730264442995 6035.616823719771 
146023.78844056863 27195165.66444941 
9876.346404440106 4629186.4879094595 
370.64553475781986 3438243.5835043252 
44157.12476550177 -75329951.1336091 
377.86901812235146 -36689.83399333955 
1055.4457369155136 357649.95803858456 
-711.2491311318271 -2515258.313581184 
222.50220307437914 151239.4540524232 
-421.33061715176484 -35.64837370699885 
74449.22302776462 77196167.62724815 
412390.3377425004 -26869355.65743352 
48651.3479249266 159.90159611114112 