2978.704964933833 -784791.3055537135 
1538.0542670012458 -561580.8219541176 
4051.4606659481956 -2855698.262941758 
-14066.383249135533 1774558.3174153992 
62629.13948442859 1304028.3046511158 
80.30287263860278 12834.64390052047 
2168.0762110868363 19836.266382502286 
-421.69730264443183 6077.612342939535 
146023.78844056863 27218289.245671913 
9819.397414680569 4633269.5000525 
356.20931952868614 3441346.0424591056 
42353.571405878836 -75396870.82906403 
-372.9978308316016 -36156.91614605169 
1011.8678130050496 357959.532969028 
-684.7966488986875 -2517475.9527421375 
70.80351378170894 151731.29564248 
-421.33061715176484 -35.64837370699921 
76254.48134839482 77263299.15050565 
415143.49572731805 -26892479.539327543 
48944.04453650304 20.905426359086903 