2952.4095691460016 -785128.8176112949 
1517.4244674028082 -561839.1988766189 
4023.7524539667997 -2856933.373477979 
-14029.699956379367 1775327.7861948523 
62485.225732899475 1304590.9161617248 
188.42331401961954 12809.570281702512 
2143.4651436998374 19844.888299820668 
-409.8289669214629 6098.610102549415 
144647.2089305356 27229851.036283165 
9790.9229198008 4635311.00612402 
348.9912119141193 3442897.271936496 
41451.79472606737 -75430330.67679149 
90.77286999289876 -36186.52269312324 
990.0788510498176 358114.3204342497 
-671.5704077821177 -2518584.772322614 
-49.41054188418065 151746.19993308777 
406.53548032803 -229.97466942577222 
77157.11050870993 77296864.9121344 
416520.07471972686 -26904041.480274554 
48797.69623071482 62.604277284703194 