2926.1141733581703 -785466.3296688764 
1496.7946678043706 -562097.5757991201 
3996.044241985404 -2858168.4840142 
-13993.0166636232 1776097.2549743054 
62341.31198137036 1305153.5276723339 
219.31486869991014 12032.288098345813 
2118.8540763128385 19853.51021713905 
-89.38390240127231 6106.609249067465 
143270.62942050255 27241412.826894417 
9762.44842492103 4637352.51219554 
341.7731042995524 3444448.501413886 
40550.0180462559 -75463790.52451895 
377.86901812235146 -36689.83399333955 
968.2898890945855 358269.1078994714 
-684.7966488986875 -2519693.591903091 
-169.62459755007026 151731.29564248 
-421.3306171517647 -78.8319949778379 
76254.48134839482 77330430.67376314 
415143.49572731805 -26915603.421221565 
48651.3479249266 -118.0907433929673 