2387.05855970763 -786314.1278135155 
1115.143375233276 -562746.5940211173 
3538.8587442923726 -2861270.964051612 
-13534.475504171121 1778030.0872655506 
60830.217590314656 1306566.7542049352 
-52.2733828643094 12245.413858298483 
1958.8821382973456 19875.167652307842 
-344.55312044512795 6131.356608607682 
139829.18064541992 27270454.943786968 
9805.160167240685 4642480.581018048 
367.03648095053643 3448345.0421249494 
45509.78978521898 -75547838.47535817 
-135.5914006476311 -36112.50632544437 
1175.2850276692898 358657.919270445 
-836.89842173924 -2522478.8410873837 
-79.46405580065309 152051.7378905473 
102.17294448987053 212.6574486003218 
60458.4710428805 77414744.67023535 
391053.36336016376 -26944645.915743224 
45797.55596205634 69.55408577230594 