2413.3539554954614 -789022.2602755381 
1135.7731748317135 -564819.7612326154 
3566.5669562737685 -2871181.2557350993 
-13571.158796927288 1784204.1581864003 
61261.958844902 1311081.0418019649 
161.39320367437213 12170.193001844758 
1983.4932056843445 19944.348274600296 
-356.42145616809995 6258.843006239105 
141205.76015545297 27363224.549405824 
9890.583651879992 4658861.236877626 
374.2545885651033 3460791.811979247 
46411.566465030446 -75816313.920219 
151.50474748182143 -44343.12641133463 
1197.0739896245218 359899.90440805734 
-823.6721806226702 -2531375.7981973994 
-205.40259030777554 152588.2923524274 
77.82394162281838 234.24925923573784 
61361.1002031956 77684069.94806601 
392429.9423525726 -27037416.727627575 
46236.600879421 -125.04055188057004 