2413.3539554954614 -791392.8806799792 
1135.7731748317135 -566634.5515216123 
3566.5669562737685 -2879856.4368823655 
-13644.52538243962 1789608.760327797 
61261.958844902 1315032.7178883855 
22.38120761305794 12596.444521750074 
1983.4932056843445 20004.906979573596 
-356.4214561681032 6365.331644260816 
141205.76015545297 27444432.36441343 
9890.583651879992 4673200.386665683 
374.2545885651033 3471687.352356154 
46411.566465030446 -76051329.51735237 
328.1793001768692 -43602.96273454594 
1197.0739896245218 360987.10208044795 
-823.6721806226702 -2539163.9357269383 
-110.94868942743366 152707.52667728966 
-68.27007557949783 -521.4641130039158 
61361.1002031956 77919829.46426792 
395183.1003373902 -27118625.598564915 
46236.600879421 -111.14093490536456 