-35.36568849656487 1206.8911287036299 
12.996139501002435 3694.9263705974763 
-35392.805333836484 6610001.991402168 
66.07500188777033 -150.8518062300619 
225.39389356052632 -489.62813969838254 
-278.2738414312084 1178.8289958745104 
-40.62829183416436 -198.03214511609545 
-201.55667838555172 -135.78766340801016 
183.5645987724228 261.5126907853849 
20.653939520708278 -2634.823377047936 
-203.0677569389296 1795.9474942162192 
-200.03604393522969 -24.526773313033022 
756.2172348584794 -29562.859637818216 
-258182752.97047636 -690943503124.4032 
166384834.60275948 690943505229.6963 
322.2074267696535 -28024.447730352535 
-2551.242963933261 25793.754226646302 
2805.0761726706314 -23677.990946084898 
-146.91593058107352 665.6565274185954 
-9794.368887575481 -13981.378450032415 