2952.4095691460016 -793936.2751138966 
1517.4244674028082 -568581.6061876039 
4023.7524539667997 -2889163.876994602 
-14176.433127404032 1795407.2572015326 
63348.708242074164 1319272.3974861894 
-244.05845150447254 12809.570281702736 
2192.6872784738352 20069.87928507885 
-433.5656383674141 6482.569135416273 
147400.36795060168 27531558.71509108 
9961.769889079413 4688584.593133209 
363.427427143253 3483376.9744893443 
43255.348085690304 -76303473.36987004 
-85.90168270214892 -51700.35335861424 
1033.6567749602816 362153.5361933687 
-698.0228900152573 -2547519.6832798165 
67.94127436109252 153579.42767784485 
406.53548032803405 -229.97466942576352 
75351.85218807972 78172771.45368455 
419273.2327045445 -27205753.082129892 
49383.089453867695 -90.2915094425565 