2926.1141733581703 -794948.8112866409 
1496.7946678043706 -569356.7369551077 
3996.044241985404 -2892869.2086032648 
-14139.749834647866 1797715.6635398918 
62916.96698748682 1320960.2320180165 
80.30287263860741 12734.349425248856 
2118.8540763128385 20095.745037033546 
-89.383902401288 6532.563801154333 
143270.62942050255 27566244.086924836 
9876.346404440106 4694709.111347769 
341.7731042995524 3488030.662921515 
40550.0180462559 -76403852.91305242 
377.86901812235146 -51729.959905685784 
968.2898890945855 362617.89858903387 
-684.7966488986875 -2550846.1420212467 
-264.0784984304122 153743.37487453045 
-421.3306171517638 -78.83199497783477 
76254.48134839482 78273468.7385708 
420649.8116969533 -27240438.904970925 
49236.741148079476 -118.0907433929673 