2952.4095691460016 -796306.8955183377 
1517.4244674028082 -570396.3964766008 
4023.7524539667997 -2897839.058141868 
-14249.799712916365 1800811.8593429292 
63348.708242074164 1323224.07357261 
0.49968971450678734 11906.920004256253 
2192.6872784738352 20130.43799005215 
-433.5656383674153 6589.0577734384015 
147400.36795060168 27612766.530098684 
10018.71887883895 4702923.742921267 
363.427427143253 3494272.5148662515 
43255.348085690304 -76538488.9670034 
388.91117766579197 -51759.56645275733 
1033.6567749602816 363240.73386575934 
-698.0228900152573 -2555307.8208093555 
219.63996365376272 153758.27916513823 
-396.9816142847111 -57.240184342416285 
75351.85218807972 78408530.96988647 
422026.39068936213 -27286961.953067232 
49383.089453867695 -104.19112641776186 