193.26102008881153 1280.2087940183435 
-203.60001886787728 1926.5968955479143 
-48002.825754222584 6733867.096577684 
92.39234045931451 -207.67473370545017 
212.55400542014857 -655.915675644041 
375.9458108362576 -198.3151808198188 
-5.708466813498495 -206.53744319819913 
-185.24869319802704 -242.88451886936434 
156.09794561923457 154.17951982167796 
107.88282642935069 -2357.5910874939136 
-92.07963404444952 2327.5882111163755 
-203.81794961642092 -53.36434027746263 
623.314774013204 -30366.307386414348 
-177859155.92254353 -702775381045.9817 
177859634.25926697 702775383182.2769 
-31.0844551022506 -26472.488505402966 
-1896.5391900496243 26611.152597170418 
1840.69063776172 -24462.02991021411 
-115.47303156809417 613.0759781183517 
3518.4461223655317 -24369.808838767593 