2952.4095691460016 -798677.5159227789 
1517.4244674028082 -572211.1867655977 
4023.7524539667997 -2906514.2392891343 
-14249.799712916365 1806216.4614843258 
63636.535745132394 1327175.7496590307 
188.42331401965458 12809.570281702883 
2192.6872784738352 20190.996695025024 
-433.5656383674176 6695.546411460996 
147400.36795060168 27693974.34510629 
10018.71887883895 4717262.892709324 
363.427427143253 3505168.0552431587 
43255.348085690304 -76773504.56413677 
-85.90168270214892 -59220.416314787355 
1033.6567749602816 364327.93153814995 
-698.0228900152573 -2563095.9583388944 
-20.788147678016443 154339.5464988417 
406.53548032803644 -229.97466942575966 
75351.85218807972 78644290.48608838 
422026.39068936213 -27368170.824004572 
49675.78606544413 -90.2915094425565 