2387.05855970763 -799862.8261249994 
1115.143375233276 -573118.5819100961 
3538.8587442923726 -2910851.8298627674 
-13681.208675195787 1808918.7625550241 
61405.872596431116 1329151.587702241 
-52.27338286433369 12345.708333570592 
1909.6600035233478 20221.27604751115 
165.78531564255354 6748.790730472452 
137076.02162535384 27734578.25261009 
9919.05814675976 4724432.467603353 
352.6002657214027 3510615.8254316123 
43706.23642559604 -76891012.36270346 
140.46258793838095 -59412.85887075242 
1131.7071037588257 364871.53037434525 
-810.4459395061004 -2566990.027103664 
132.34166132496202 154615.27587508564 
102.1729444898748 212.6574486003094 
62263.729363510705 78762170.24418934 
399312.83731461666 -27408775.259473242 
46675.645796785655 -83.34170095495375 