2952.4095691460016 -801048.13632722 
1517.4244674028082 -574025.9770545946 
4023.7524539667997 -2915189.4204364005 
-14323.166298428698 1811621.0636257224 
63636.535745132394 1331127.4257454514 
-133.3637139001143 12859.717519338807 
2192.6872784738352 20251.555399997276 
-433.5656383674213 6802.035049484048 
147400.36795060168 27775182.160113893 
10075.667868598488 4731602.042497382 
363.427427143253 3516063.595620066 
43255.348085690304 -77008520.16127014 
388.91117766579197 -59279.62940893045 
1033.6567749602816 365415.12921054056 
-698.0228900152573 -2570884.0958684334 
-261.2162590097957 154920.81383254516 
-396.9816142847115 -57.24018434241419 
75351.85218807972 78880050.0022903 
424779.54867417976 -27449379.69494191 
49675.78606544413 -104.19112641776186 