2387.05855970763 -804604.0669338817 
1115.143375233276 -576748.1624880899 
3538.8587442923726 -2928202.1921572997 
-13754.57526070812 1819727.9668378173 
61693.700099489346 1337054.9398750823 
-80.59064132128016 12420.929190024593 
1909.6600035233478 20342.39345745561 
165.78531564254118 6961.768006519602 
137076.02162535384 27896993.8826253 
9976.007136519298 4753110.767179468 
352.6002657214027 3532406.9061854267 
43706.23642559604 -77361043.5569702 
140.46258793838095 -66932.92182692586 
1131.7071037588257 367045.9257191265 
-810.4459395061004 -2582566.302162742 
-79.46405580065303 155777.81054249257 
102.17294448987572 212.65744860030628 
62263.729363510705 79233689.27659316 
402065.9952994343 -27571193.00134792 
46968.34240836209 -83.34170095495375 