201.01107801061693 1282.9754983908294 
-194.38324190220922 1752.662829042639 
-47282.25315877195 7042331.164950261 
157.92817555768713 -179.07988226639054 
52.676686977521214 -672.2718270789877 
-7.73188020638117 -3514.7031732758537 
81.25570187483183 -227.71853936699958 
146.0610169891769 232.28092901509285 
87.69713855111075 -177.2655823509624 
329.9199931234291 -1598.8500845147828 
184.31659455964487 2159.7016689427223 
-213.23589992635047 -125.17933057137853 
676.475758350166 -32367.15145711137 
-246707953.3922002 -732240573805.5255 
246708432.19831192 732240576019.0259 
-39.02359851475595 -26418.033795755677 
-1357.3713762630975 28646.738216669182 
1300.6347382127728 -26414.53984669084 
-37.17001603243588 590.7690621358603 
8555.727477478385 -30762.689077989227 