2926.1141733581703 -810193.1058874031 
1496.7946678043706 -581026.7612880808 
3996.044241985404 -2948655.034489244 
-14433.216176697197 1832470.0034118558 
64068.27699971974 1346371.518580525 
-107.62075166656008 11982.140860710428 
2168.0762110868363 20485.168302567163 
-421.69730264445553 7206.991841971876 
146023.78844056863 28088451.62953306 
10161.091353237794 4786917.135578091 
370.64553475781986 3558094.5276503046 
44157.12476550177 -77915122.70207615 
101.81502953633924 -73816.44402106227 
1055.4457369155136 369609.1324348813 
-711.2491311318271 -2600927.8264061124 
-264.07849843041214 156828.56303034115 
430.8844831950937 -251.5664800611734 
74449.22302776462 79789522.3054692 
428909.2856514062 -27762653.23774426 
50114.83098280879 173.8012130863466 