2413.3539554954614 -810357.8439155084 
1135.7731748317135 -581152.8738335874 
3566.5669562737685 -2949257.886060495 
-13937.991724488951 1832845.5774589698 
62413.26885713492 1346646.1265797508 
-160.39382424541046 12220.340239481098 
1983.4932056843445 20489.376619353294 
-356.4214561681226 7217.240748448568 
141205.76015545297 28094094.884474266 
10118.379610918142 4787913.584970143 
374.2545885651033 3558851.6753714117 
46411.566465030446 -77931454.29441932 
328.1793001768692 -73683.21455924028 
1197.0739896245218 369684.68345957284 
-823.6721806226702 -2601469.03596325 
-205.40259030777548 156985.05808172285 
-68.27007557949408 -521.4641130038899 
61361.1002031956 79805905.59388323 
406195.73227666074 -27768296.566063635 
47407.38732572675 -111.14093490536456 