2952.4095691460016 -810530.6179449846 
1517.4244674028082 -581285.1382105821 
4023.7524539667997 -2949890.145025465 
-14469.899469453363 1833239.4721913089 
64212.190751248854 1346934.130091134 
-215.74119304761916 11957.067241892462 
2192.6872784738352 20493.79021988509 
-433.56563836742515 7227.98960158268 
147400.36795060168 28100013.420144312 
10189.565848117563 4788958.641649611 
363.427427143253 3559645.757127695 
43255.348085690304 -77948582.54980361 
388.91117766579197 -74319.7553212787 
1033.6567749602816 369763.919900103 
-698.0228900152573 -2602036.645986589 
-143.86444276452247 156813.65873973336 
-396.9816142847104 -57.24018434241788 
75351.85218807972 79823088.06709795 
430285.86464381503 -27774215.17869127 
50261.179288597006 -104.19112641776186 