2439.6493512832926 -815436.5967819721 
1156.402974430151 -585040.8313340824 
3594.2751682551643 -2967843.3588912482 
-14048.04160275745 1844424.250521216 
62845.010111722266 1355112.0902632012 
130.5016489941098 12621.518140568649 
2008.1042730713502 20619.11594661353 
-368.2897918910888 7451.215784114598 
142582.339665486 28268072.305100728 
10203.803095557449 4818633.390617778 
367.03648095053643 3582193.9856026163 
45509.78978521898 -78434945.33641352 
339.2214597203097 -82446.7524924204 
1175.2850276692898 372013.8662695758 
-810.4459395061004 -2618154.1306028045 
9.265366238455996 157819.6983557586 
102.17294448987961 212.6574486002977 
62263.729363510705 80310990.3879158 
410325.4692538872 -27942276.248885326 
47846.4322430914 180.7510215739493 