2360.763163919799 -816794.6810136689 
1094.5135756348384 -586080.4908555755 
3511.150532310977 -2972813.2084298516 
-13937.991724488951 1847520.4463242535 
62701.09636019315 1357375.9318177947 
-54.84767908774007 12320.63471475307 
1934.271070910356 20653.8088996309 
-154.65974887764102 7502.2103431707465 
138452.60113538688 28314594.748274576 
10175.32860067768 4826848.022191275 
359.81837333596957 3588435.837547353 
44608.01310540751 -78569581.3903645 
350.26361926375023 -87450.25894751311 
1153.4960657140577 372636.70154630125 
-823.6721806226702 -2622615.809390913 
-82.32629522126945 158326.44423642315 
126.52194735693284 234.2492592357142 
61361.1002031956 80446052.61923148 
408948.8902614784 -27988799.296981633 
47700.083937303185 13.95561787148421 