-186.49181822830045 1155.7070980944045 
284.89348747004414 -798.3697792905257 
-47282.25315877195 7202157.107112218 
191.8811694872116 -105.76014236201422 
-30.161301074156007 -672.2718270743932 
405.4594800675725 -5538.261948645167 
125.74483029573045 -238.05854200953303 
255.9253833974607 138.72504684526183 
52.822692196155295 -196.10016946768883 
123.74262406171312 -1433.4834556623423 
208.66237635534299 3222.9831026594497 
-218.11562075862957 -162.3891835695023 
711.9164145748073 -33403.858229493235 
-292607151.70530456 -747507513059.1752 
292607630.8243419 747507515312.6782 
119.75926974341228 -27507.127988702752 
-1049.2754826707974 29701.44579153901 
992.0313670420052 -27426.203026212886 
3.4017199166054763 578.0222543735174 
11434.173966114291 -33959.12919760005 