2360.763163919799 -819165.30141811 
1094.5135756348384 -587895.2811445724 
3511.150532310977 -2981488.3895771177 
-14011.358310001284 1852925.04846565 
62701.09636019315 1361327.6079042153 
243.77068282190356 12496.150046479 
1934.271070910356 20714.367604602056 
-154.65974887764327 7608.698981200866 
138452.60113538688 28395802.56328218 
10175.32860067768 4841187.171979332 
359.81837333596957 3599331.37792426 
44608.01310540751 -78804596.98749787 
-323.3081128861194 -89522.71724252192 
1153.4960657140577 373723.89921869186 
-823.6721806226702 -2630403.946920452 
-234.02498451393961 158445.6785612854 
-116.96808131359802 -521.464113003881 
61361.1002031956 80681812.13543339 
408948.8902614784 -28070008.167918973 
47700.083937303185 0.05600089627881388 