2952.4095691460016 -820688.123677912 
1517.4244674028082 -589061.0532115721 
4023.7524539667997 -2987061.090686972 
-14616.632640478028 1856396.8183158014 
64787.84575736532 1363866.0574580347 
-215.74119304776036 11957.067241892755 
2143.4651436998456 20753.26887440536 
-409.82896692147744 7695.9396729218 
144647.2089305356 28447968.261397235 
10246.514837877101 4850398.252944881 
348.9912119141193 3606330.377590104 
41451.79472606737 -78955564.63379201 
410.995496752673 -91846.83118763895 
990.0788510498176 374422.2855201089 
-671.5704077821177 -2635406.8352656984 
219.63996365376283 158706.50364692157 
-396.9816142847087 -57.2401843424164 
77157.11050870993 80833257.6551631 
438545.33859826793 -28122174.544334654 
51139.26912332632 48.704660309497825 