2978.704964933833 -822721.2320247717 
1538.0542670012458 -590617.4665780677 
4051.4606659481956 -2994501.161298017 
-14653.315933234195 1861031.951677745 
64931.759508894436 1367255.1220338463 
219.31486870005932 12032.288098346757 
2168.0762110868445 20805.205662057688 
-421.697302644443 7781.430551342991 
146023.78844056863 28517614.285793588 
10274.98933275687 4862695.8966614185 
356.20931952868614 3615674.688489621 
42353.571405878836 -79157120.38319792 
-372.9978308316016 -96317.41979544367 
1011.8678130050496 375354.6957272778 
-684.7966488986875 -2642086.1532147606 
-141.002203343906 159302.67527123282 
-421.33061715176177 -35.648373706998115 
76254.48134839482 81035451.40973626 
437168.7596058591 -28191821.474324983 
51285.617429114536 20.905426359086903 