177.76090423216993 1302.3424288754024 
-157.51580156975314 -3929.182527206746 
-45120.53537242005 7360384.789852555 
225.49438308959233 -33.17358016134362 
-112.17090890495005 -688.6279779272118 
-66.75921738837465 -8573.600111699134 
169.66080219822703 -248.1635744452784 
85.9790762848768 -105.01283485431973 
18.43229729892011 -25.32448648197296 
203.0416121520413 -1443.2109044015658 
66.88400003650298 3167.020921937556 
-222.94653736309945 -199.226938330712 
694.1960864624866 -34430.19793415128 
-269657552.5487523 -762621782920.2883 
269658031.5113269 762621785213.394 
-245.44132725179458 -30338.772890364882 
-1126.2994560688721 30745.606290660136 
1069.1822098349373 -28427.749573940233 
43.567738719556104 581.2089561571132 
10714.562343955315 -24369.80883876756 