2439.6493512832926 -825264.6264586891 
1156.402974430151 -592564.5212440593 
3594.2751682551643 -3003808.6014102534 
-14194.774773782116 1866830.4485514807 
63420.66511783873 1371494.8016316502 
30.104096283091238 12571.370902933333 
1958.8821382973547 20870.177967559513 
-344.5531204451505 7898.668042513394 
139829.18064541992 28604740.636471238 
10260.752085316986 4878080.1031289445 
352.6002657214027 3627364.3106228113 
43706.23642559604 -79409264.23571558 
361.30577880719073 -98759.95992884692 
1131.7071037588257 376521.12984019856 
-783.9934572729609 -2650441.900767639 
-231.16274509332317 159682.73468173124 
-92.61907844654465 -499.8723023684615 
64068.98768414091 81288393.39915289 
418584.9432083401 -28278948.95788996 
48724.522077820715 -236.23748768221333 