2413.3539554954614 -826952.1867465964 
1135.7731748317135 -593856.4058565656 
3566.5669562737685 -3009984.154091358 
-14158.09148102595 1870677.792448746 
63564.57886936785 1374307.8591846954 
-49.69908664109537 12170.193001845864 
1983.4932056843534 20913.287554148403 
-356.4214561681159 7962.661214667079 
141205.76015545297 28662549.5895275 
10346.175569956293 4888287.633486545 
374.2545885651033 3635120.458009762 
46411.566465030446 -79576563.4743529 
151.50474748182143 -104503.63006072848 
1197.0739896245218 377295.0671663071 
-823.6721806226702 -2655985.9986700225 
252.5557169908517 160338.5234684736 
77.82394162282803 234.2492592357101 
61361.1002031956 81456222.20729662 
414455.20623111364 -28336758.662625015 
48578.173772032496 -125.04055188057004 