2952.4095691460016 -827124.9607760726 
1517.4244674028082 -593988.6702335603 
4023.7524539667997 -3010616.4130563284 
-14689.999225990361 1871071.687181085 
65363.50076348178 1374595.8626960786 
-105.04645544334764 11906.920004257096 
2192.6872784738434 20917.701154680122 
-433.5656383674095 7973.410067802397 
147400.36795060168 28668468.125197545 
10360.412817396176 4889332.690166013 
363.427427143253 3635914.5397660453 
43255.348085690304 -79593691.72973719 
-85.90168270214892 -104340.79405183494 
1033.6567749602816 377374.3036068373 
-698.0228900152573 -2656553.6086933617 
191.01756944759867 160509.9228104631 
406.53548032804565 -229.9746694257512 
75351.85218807972 81473404.68051134 
438545.33859826793 -28342677.27525265 
51431.965734902755 -90.2915094425565 