2413.3539554954614 -827972.7589207117 
1135.7731748317135 -594637.6884555575 
3566.5669562737685 -3013718.8930937406 
-14158.09148102595 1873004.5194723303 
63276.75136630962 1376009.08922868 
-188.71108270257176 12446.00280884363 
1934.271070910356 20939.35858984738 
-332.68478472218004 8026.154440164612 
138452.60113538688 28697510.242090095 
10232.277590437217 4894460.758988522 
345.38215810683585 3639811.0804771087 
42804.459745784574 -79677739.68057641 
328.1793001768692 -103763.46638393962 
1109.9181418035937 377763.1149778109 
-797.2196983895307 -2659338.8578776545 
-110.94868942743355 160368.33204968917 
-116.96808131359708 -521.4641130038781 
63166.35852382581 81557718.67698355 
417208.3642159313 -28371719.76977431 
48578.173772032496 166.85140459874387 