-391.8683532181248 1231.7914678376394 
59.080412841249434 -5465.599894253512 
-31069.36976113268 7477856.857341593 
250.44938185391655 20.716528230268146 
-173.05682982971007 -773.1347573626457 
262.81008187775507 -10063.164210234898 
202.26508083799226 -246.78562256525956 
-40.19305803038784 -285.96979341946803 
-7.099814453908027 101.46344002471385 
-185.5234295342168 -1331.3452436968687 
-38.37570359414834 3474.812915907916 
-226.5331218592993 -226.57617921887694 
756.2172348556089 -35192.177411851946 
-258182752.97047606 -773842983271.7208 
166384834.60275948 773842985594.2285 
195.1811321661686 -31781.822696019546 
-2089.099123544809 31520.81635818946 
2342.171115913971 -29171.32201088938 
73.38796481991807 646.5363427656171 
-5476.699154621656 -15579.598509837775 