2439.6493512832926 -832030.9396130601 
1156.402974430151 -597744.3633570606 
3594.2751682551643 -3028569.6269221115 
-14268.141359294448 1882256.4655109923 
63996.32012395519 1382773.8228681458 
24.95550383631456 12621.518140569686 
2008.104273071352 21043.026881406287 
-368.28979189108605 8196.636250363692 
142582.339665486 28836527.01015396 
10374.650064836062 4919007.43913418 
367.03648095053643 3658462.768240967 
45509.78978521898 -80080054.5163471 
-312.26595334267887 -111994.08646983176 
1175.2850276692898 379624.24997631006 
-810.4459395061004 -2672671.093309577 
-85.18853464188581 161366.9195204105 
-92.61907844654414 -499.87230236846284 
62263.729363510705 81961307.0013292 
418584.9432083401 -28510738.345446706 
49017.21868939715 194.65063854915465 