2439.6493512832926 -834401.5600175012 
1156.402974430151 -599559.1536460575 
3594.2751682551643 -3037244.8080693777 
-14341.50794480678 1887661.067652389 
63996.32012395519 1386725.4989545664 
-268.51426562688954 12195.266620663913 
2008.104273071352 21103.585586376343 
-368.2897918910875 8303.124888409675 
142582.339665486 28917734.825161565 
10431.5990545956 4933346.588922237 
367.03648095053643 3669358.308617874 
45509.78978521898 -80315070.11348046 
339.2214597203097 -112527.00431711975 
1175.2850276692898 380711.4476487007 
-810.4459395061004 -2680459.230839116 
-231.16274509332317 161515.96242648832 
102.17294448988137 212.65744860028295 
62263.729363510705 82197066.51753111 
421338.1011931577 -28591947.216384046 
49017.21868939715 180.7510215739493 