2899.818777570339 -835586.8702197218 
1476.164868205933 -600466.5487905559 
3968.336030004008 -3041582.3986430108 
-14763.365811502694 1890363.3687230872 
65363.50076348178 1388701.3369977768 
77.72857641526438 12659.12856879679 
2094.243008925848 21133.864938860945 
100.50946916613238 8356.369207434163 
141894.0499104695 28958338.732665367 
10417.361807155714 4940516.163816266 
348.9912119141193 3674806.0788063277 
41451.79472606737 -80432577.91204715 
410.995496752673 -116893.97001017403 
990.0788510498176 381255.046484896 
-698.0228900152573 -2684353.2996038855 
96.5636685672568 161851.3089651634 
-396.98161428470866 -57.24018434242641 
75351.85218807972 82314946.27563207 
444051.6545679032 -28632551.651852716 
51724.66234647919 187.70083006155195 