2387.05855970763 -836097.1563067795 
1115.143375233276 -600857.1900900519 
3538.8587442923726 -3043449.768144202 
-14268.141359294448 1891526.7322348794 
63996.32012395519 1389551.952019769 
241.19638659872436 12471.076427661925 
1958.8821382973547 21146.900456710206 
-344.5531204451488 8367.618007228124 
139829.18064541992 28975819.058946665 
10431.5990545956 4943602.726567254 
367.03648095053643 3677151.390040001 
45509.78978521898 -80483166.0151589 
339.2214597203097 -118773.98574921774 
1175.2850276692898 381489.07039064786 
-836.89842173924 -2686029.7292077015 
249.69347757023527 162186.65550383847 
-92.61907844654405 -499.87230236846597 
60458.4710428805 82365694.51047553 
418584.9432083401 -28650032.205427364 
49017.21868939715 55.65446879710046 