2952.4095691460016 -836607.4423938371 
1517.4244674028082 -601247.8313895478 
4023.7524539667997 -3045317.137645393 
-14836.732397015026 1892690.0957466715 
65939.15576959826 1390402.5670417612 
106.04583487222324 11906.920004257112 
2192.6872784738434 21159.935974559467 
-433.565638367403 8399.364619980415 
147400.36795060168 28993299.385227963 
10474.310796915252 4946689.289318243 
363.427427143253 3679496.701273674 
43255.348085690304 -80533754.11827067 
-85.90168270214892 -119380.9199641846 
1033.6567749602816 381723.09429639974 
-698.0228900152573 -2687706.1588115175 
67.94127436109264 162372.95913643573 
406.535480328046 -229.97466942575923 
75351.85218807972 82416442.745319 
444051.6545679032 -28667512.75900201 
52017.35895805563 -90.2915094425565 