159.80055984233712 238.79889951944838 
61.60849194418568 76.5893642366033 
-192.3989063812988 -3.398626858589826 
-203.9999030698056 242.79999795937857 
204.79486540104247 -20.404474893853433 
135.59236154282436 71.99570333786995 
-5.399824650938257 208.7996622315988 
-38.994727220791304 -14.407921845632027 
100.9432020109615 -221.85195595020988 
-106.55775032894178 -195.8813029921138 
226.98124265988304 -129.39945274907836 
-15.001637009127387 -80.3907845297187 
213.09661793869805 -47.60255081391633 
231.00941103614355 152.9343579421672 
241.78836837260374 113.66537251981285 
105.7197930370419 -11.979861045240902 
152.80501328808458 -84.20383412189877 
-144.2004933746701 73.99852954646028 
172.78673316891334 -161.37502791592706 
61.88159881076581 1.7897194749757408 