2926.1141733581703 -838640.5507406968 
1496.7946678043706 -602804.2447560434 
3996.044241985404 -3052757.2082564384 
-14873.415689771193 1897325.229108615 
65795.24201806914 1393791.6316175729 
-30.391864966035 12834.643900522988 
2168.0762110868445 21211.872762210853 
-421.6973026444199 8484.85549841833 
146023.78844056863 29062945.409624316 
10502.78529179502 4958986.93303478 
370.64553475781986 3688841.012173191 
44157.12476550177 -80735309.86767657 
101.81502953633924 -118936.82175811128 
1055.4457369155136 382655.50450356863 
-711.2491311318271 -2694385.4767605797 
99.42590798787322 162566.7149143369 
430.8844831950993 -251.56648006117769 
74449.22302776462 82618636.49989216 
445428.233560312 -28737159.68899234 
51871.01065226741 173.8012130863466 