2360.763163919799 -840500.8850580803 
1094.5135756348384 -604228.3937455444 
3511.150532310977 -3059565.0199025134 
-14304.824652050615 1901566.4677382195 
64140.23387548431 1396892.6926820013 
-54.84767908802554 12320.634714754142 
1934.271070910356 21259.3959493306 
-154.65974887768198 8567.096723584431 
138452.60113538688 29126672.898350623 
10460.073549475368 4970239.520071849 
359.81837333596957 3697391.241316425 
44608.01310540751 -80919737.36169818 
350.26361926375023 -125050.57372838729 
1153.4960657140577 383508.67827020737 
-823.6721806226702 -2700497.1846863027 
-234.02498451393956 162842.44429058084 
126.52194735693459 234.2492592356911 
61361.1002031956 82803647.78125061 
422714.68018556654 -28800888.006355032 
49163.56699518537 13.95561787148421 