2899.818777570339 -840673.6590875565 
1476.164868205933 -604360.658122539 
3968.336030004008 -3060197.2788674836 
-14836.732397015026 1901960.3624705586 
65939.15576959826 1397180.6961933845 
-110.19504789034173 12057.361717165104 
2143.4651436998456 21263.80954986224 
-409.82896692145516 8570.34637685853 
144647.2089305356 29132591.43402067 
10531.25978667479 4971284.576751318 
363.427427143253 3698185.323072708 
43255.348085690304 -80936865.61708248 
388.91117766579197 -125687.11449042571 
1033.6567749602816 383587.91471073753 
-724.4753722483969 -2701064.794709642 
-261.2162590097956 163162.88653864813 
406.5354803280461 -229.9746694257638 
73546.59386744951 82820830.25446533 
444051.6545679032 -28806806.61898267 
52017.35895805563 -229.2876791946107 