2413.3539554954614 -843546.5295776844 
1135.7731748317135 -606559.9378795438 
3566.5669562737685 -3070710.4221222214 
-14451.55782307528 1908510.0074385223 
64428.06137854254 1401969.59178964 
55.847058516538254 12170.193001846099 
1983.4932056843534 21337.19848893485 
-356.4214561681045 8708.081681019852 
141205.76015545297 29231004.29458073 
10517.022539234906 4988661.682002947 
374.2545885651033 3711389.2406481127 
46411.566465030446 -81221672.65428647 
328.1793001768692 -126323.65525246413 
1197.0739896245218 384905.4508730414 
-823.6721806226702 -2710502.961376795 
-228.3005056727067 163393.90304306874 
-68.2700755794908 -521.4641130038871 
61361.1002031956 83106538.82071002 
425467.8381703842 -28905220.759186395 
49456.26360676181 -111.14093490536456 