2360.763163919799 -845242.1258669626 
1094.5135756348384 -607857.9743235381 
3511.150532310977 -3076915.3821970457 
-14378.191237562947 1912375.6720210128 
64428.06137854254 1404796.0448548426 
-83.16493754520828 12496.150046480252 
1934.271070910356 21380.513359268614 
-154.65974887772066 8780.07399971592 
138452.60113538688 29289088.52836583 
10517.022539234906 4998917.819647964 
359.81837333596957 3719182.3220702396 
44608.01310540751 -81389768.55596492 
350.26361926375023 -132570.6366845614 
1153.4960657140577 385683.0736149886 
-823.6721806226702 -2716073.4597453806 
252.55571699085175 164034.78753920333 
126.52194735693465 234.24925923568668 
61361.1002031956 83275166.81365444 
425467.8381703842 -28963305.748229712 
49456.26360676181 13.95561787148421 