2952.4095691460016 -846764.9481267646 
1517.4244674028082 -609023.7463905378 
4023.7524539667997 -3082488.0833068998 
-14983.465568039692 1915847.4418711641 
66226.98327265651 1407334.494408662 
111.19442731907115 12057.361717164795 
2143.4651436998456 21419.41462907074 
-409.82896692143106 8867.314691473497 
144647.2089305356 29341254.226480886 
10531.25978667479 5008128.900613513 
348.9912119141193 3726181.3217360834 
41451.79472606737 -81540736.20225906 
90.77286999289876 -133947.34112338803 
990.0788510498176 386381.4599164056 
-671.5704077821177 -2721076.3480906268 
-261.2162590097956 164385.0383684862 
406.53548032804616 -229.97466942576776 
77157.11050870993 83426612.33338414 
452311.1285223561 -29015472.124645393 
52602.7521812085 62.604277284703194 