2413.3539554954614 -849308.342560682 
1135.7731748317135 -610970.8010565294 
3566.5669562737685 -3091795.523419136 
-14524.924408587613 1921645.9387448998 
64715.88888160077 1411574.1740064658 
138.22453766437468 12546.297284116205 
1934.2710709103605 21484.386934571387 
-332.6847847221805 8984.55218269759 
138452.60113538688 29428380.577158537 
10517.022539234906 5023513.107081039 
345.38215810683585 3737870.9438692736 
42804.459745784574 -81792880.05477673 
372.34793835063124 -137603.74968672325 
1109.9181418035937 387547.8940293264 
-797.2196983895307 -2729432.095643505 
-110.9486894274335 164765.0977789846 
126.52194735693472 234.249259235682 
63166.35852382581 83679554.32280077 
430974.15414001944 -29102599.60821037 
50041.65682991468 152.95178762353848 