2899.818777570339 -849810.5926463687 
1476.164868205933 -611355.2905245372 
3968.336030004008 -3093633.485526608 
-14983.465568039692 1922790.981571467 
66226.98327265651 1412411.3935163007 
221.88916492383856 12007.214479528451 
2094.2430089258564 21497.21716867499 
100.50946916597114 8995.301035837954 
141894.0499104695 29445585.622710995 
10588.208776434327 5026551.06254461 
348.9912119141193 3740179.321067771 
41451.79472606737 -81842671.49484736 
410.995496752673 -139454.15887869452 
990.0788510498176 387778.23251923965 
-698.0228900152573 -2731082.124781119 
-261.2162590097956 165055.73144583634 
-396.98161428470866 -57.24018434243889 
75351.85218807972 83729503.37284355 
452311.1285223561 -29119804.877476756 
52602.7521812085 187.70083006155195 