2387.05855970763 -850320.8787334263 
1115.143375233276 -611745.9318240331 
3538.8587442923726 -3095500.855027799 
-14488.241115831446 1923954.345083259 
64859.80263312988 1413262.008538293 
58.421354739884684 12195.266620663788 
1958.882138297372 21510.25268652425 
-344.55312044512795 9006.549835636204 
139829.18064541992 29463065.948992293 
10602.446023874212 5029637.625295599 
367.03648095053643 3742524.632301444 
45509.78978521898 -81893259.59795912 
339.2214597203097 -141334.17461773733 
1175.2850276692898 388012.25642499153 
-836.89842173924 -2732758.554384935 
-79.46405580065291 165242.0350784336 
-92.61907844654398 -499.8723023684736 
60458.4710428805 83780251.60768701 
426844.417162793 -29137285.431051403 
49895.30852412646 55.65446879710046 