2413.3539554954614 -850658.3907910078 
1135.7731748317135 -612004.3087465344 
3566.5669562737685 -3096735.96556402 
-14524.924408587613 1924723.8138627121 
65003.716384659 1413824.620048902 
-49.69908664173691 12170.19300184576 
1983.4932056843757 21518.874603841872 
-356.4214561680911 9027.547595260105 
141205.76015545297 29474627.739603546 
10630.920518753981 5031679.131367119 
374.2545885651033 3744075.8617788344 
46411.566465030446 -81926719.44568658 
151.50474748182143 -142103.94484159737 
1197.0739896245218 388167.04389021324 
-823.6721806226702 -2733867.373965412 
40.74999986523668 165227.13078782582 
77.82394162282833 234.2492592356819 
61361.1002031956 83813817.36931576 
428220.9961552018 -29148847.371998414 
50041.65682991468 -125.04055188057004 