2439.6493512832926 -851341.4509075417 
1156.402974430151 -612527.214423025 
3594.2751682551643 -3099235.5940301814 
-14561.607701343779 1926281.0721068433 
64859.80263312988 1414963.2385822774 
-268.51426562856494 12195.266620663777 
1958.8821382973874 21536.323722222773 
-344.5531204451355 9070.043061167722 
139829.18064541992 29498026.60155489 
10545.497034114675 5035810.750797576 
352.6002657214027 3747215.2547687907 
43706.23642559604 -81994435.80418263 
-135.5914006476311 -141334.17461773733 
1131.7071037588257 388480.3042364953 
-783.9934572729609 -2736111.413592567 
249.69347757023533 165361.26940329585 
102.17294448988163 212.65744860026533 
64068.98768414091 83881748.07737394 
432350.73313242826 -29172246.5382007 
50188.0051357029 -222.33787070700797 