2926.1141733581703 -852864.2731673437 
1496.7946678043706 -613692.9864900247 
3996.044241985404 -3104808.2951400355 
-15093.51544630819 1929752.8419569947 
66658.72452724387 1417501.6881360968 
190.99761024391154 12734.349425251841 
2168.076211086885 21575.224992024247 
-421.6973026443537 9123.787326877298 
146023.78844056863 29550192.299669944 
10673.632261073633 5045021.831763125 
370.64553475781986 3754214.2544346345 
44157.12476550177 -82145403.45047678 
101.81502953633924 -141497.0106266308 
1055.4457369155136 389178.6905379123 
-711.2491311318271 -2741114.3019378134 
-264.078498430412 165622.09448893202 
430.88448319509973 -251.56648006118604 
74449.22302776462 84033193.59710364 
453687.7075147649 -29224412.91461638 
52749.10048699672 173.8012130863466 