2413.3539554954614 -864882.1132176546 
1135.7731748317135 -622893.0504805157 
3566.5669562737685 -3148787.052447617 
-14745.02416512461 1957151.4267110918 
65867.1988938337 1437534.676567426 
-271.08856185632743 12270.48747711806 
1983.493205684412 21882.226833649875 
-356.421456168082 9666.479424108526 
141205.76015545297 29961874.629649173 
10801.767488032594 5117714.030095464 
374.2545885651033 3809449.1040402777 
46411.566465030446 -83336813.02848679 
151.50474748182143 -164664.13371011105 
1197.0739896245218 394690.2299245569 
-823.6721806226702 -2780596.1991426456 
-228.30050567270663 167790.66877236418 
77.82394162282878 234.2492592356706 
61361.1002031956 85228374.46652724 
436480.4701096547 -29636100.597622454 
50919.74666464399 -125.04055188057004 