2978.704964933833 -865392.3993047123 
1538.0542670012458 -623283.6917800116 
4051.4606659481956 -3150654.4219488082 
-15313.615202845189 1958314.790222884 
67522.20703641861 1438385.2915894182 
-135.93801012747653 12784.496662891517 
2168.076211086902 21895.2623514989 
-421.697302644248 9698.22603690879 
146023.78844056863 29979354.95593047 
10787.530240592709 5120800.592846452 
356.20931952868614 3811794.415273951 
42353.571405878836 -83387401.13159855 
-372.9978308316016 -163997.9864010014 
1011.8678130050496 394924.2538303088 
-684.7966488986875 -2782272.6287464616 
-141.00220334390588 168096.2067298237 
-421.33061715176257 -35.64837370703263 
76254.48134839482 85279122.7013707 
461947.1814692178 -29653581.151197102 
53919.88693330247 20.905426359086903 