2413.3539554954614 -868273.3057962111 
1135.7731748317135 -625489.1233685045 
3566.5669562737685 -3161196.9725972656 
-14818.390750636943 1964882.7558760727 
65867.1988938337 1443187.582697831 
-271.0885618617115 12220.34023948189 
1934.2710709104233 21968.856574315832 
-332.6847847222602 9836.46128796217 
138452.60113538688 30078043.097219374 
10744.818498273056 5138226.305385498 
345.38215810683585 3825035.2668845314 
42804.459745784574 -83673004.83184367 
372.34793835063124 -167684.00151140816 
1109.9181418035937 396245.4754084513 
-797.2196983895307 -2791737.1958798165 
-199.67811146654248 168953.2034397711 
126.52194735693533 234.2492592356674 
63166.35852382581 85565630.45241608 
441986.78607929 -29752270.57570909 
51212.44327622043 152.95178762353848 