2952.4095691460016 -869796.1280560131 
1517.4244674028082 -626654.8954355041 
4023.7524539667997 -3166769.6737071197 
-15350.298495601355 1968354.525726224 
67953.94829100597 1445726.0322516505 
188.42331402435656 12809.570281712537 
2192.687278473927 22007.75784411725 
-433.56563836695597 9890.205553768124 
147400.36795060168 30130208.79533443 
10872.953725232015 5147437.386351047 
363.427427143253 3832034.266550375 
43255.348085690304 -83823972.47813782 
-85.90168270214892 -172021.3606573888 
1033.6567749602816 396943.8617098683 
-698.0228900152573 -2796740.0842250627 
191.0175694475988 169303.45426905397 
406.5354803280475 -229.97466942578146 
75351.85218807972 85717075.97214578 
463323.76046162663 -29804436.95212477 
54066.23523909069 -90.2915094425565 