2952.4095691460016 -872166.7484604543 
1517.4244674028082 -628469.685724501 
4023.7524539667997 -3175444.854854386 
-15423.665081113688 1973759.1278676207 
67953.94829100597 1449677.7083380711 
-133.3637139091756 12859.717519351676 
2192.6872784739417 22068.316549084808 
-433.565638367022 9996.694192095258 
147400.36795060168 30211416.610342033 
10929.902714991553 5161776.5361391045 
363.427427143253 3842929.8069272824 
43255.348085690304 -84058988.07527119 
388.91117766579197 -172080.5737515319 
1033.6567749602816 398031.0593822589 
-698.0228900152573 -2804528.2217546017 
102.28814740848975 169452.49717513178 
-396.9816142847092 -57.24018434245434 
75351.85218807972 85952835.4883477 
466076.91844644427 -29885645.82306211 
54066.23523909069 -104.19112641776186 