2899.818777570339 -873516.7966907801 
1476.164868205933 -629503.193414506 
3968.336030004008 -3180385.2969992696 
-15350.298495601355 1976837.002985433 
67666.12078794773 1451928.1543805073 
221.88916492883254 12007.214479523778 
2094.243008925946 22102.80421835407 
100.5094691638079 10060.187417784886 
141894.0499104695 30257663.772787042 
10872.953725232015 5169942.560425185 
348.9912119141193 3849134.724836843 
41451.79472606737 -84192827.46618104 
410.995496752673 -177054.47365955065 
990.0788510498176 398650.2092431458 
-698.0228900152573 -2808963.5000765086 
-49.410541884180425 169884.72160275743 
-396.9816142847092 -57.24018434245517 
75351.85218807972 86087098.53486268 
466076.91844644427 -29931893.586850155 
54066.23523909069 187.70083006155195 