2360.763163919799 -873689.5707202563 
1094.5135756348384 -629635.4577915007 
3511.150532310977 -3181017.55596424 
-14818.390750636943 1977230.897717772 
66155.02639689195 1452216.1578918905 
166.54179612439353 12220.340239481151 
1934.2710709104542 22107.217818885554 
-154.65974887862768 10057.93765781913 
138452.60113538688 30263582.308457088 
10858.716477792132 5170987.617104653 
359.81837333596957 3849928.806593126 
44608.01310540751 -84209955.72156534 
350.26361926375023 -177691.01442158877 
1153.4960657140577 398729.44568367593 
-823.6721806226702 -2809531.110099848 
-110.94868942743344 169713.32226076795 
126.52194735693539 234.2492592356624 
61361.1002031956 86104281.0080774 
441986.78607929 -29937812.19947779 
51212.44327622043 13.95561787148421 