2439.6493512832926 -874702.1068930007 
1156.402974430151 -630410.5885590045 
3594.2751682551643 -3184722.8875729027 
-14928.440628905442 1979539.3040561313 
66586.76765147931 1453903.9924237176 
-157.81952803728132 12145.119383026009 
2008.1042730714503 22133.0835708375 
-368.28979189086124 10113.431736994607 
142582.339665486 30298267.680290844 
10887.1909726719 5177112.135319213 
367.03648095053643 3854582.4950252967 
45509.78978521898 -84310335.26474772 
-312.26595334267887 -179674.65307538197 
1175.2850276692898 399193.8080793411 
-810.4459395061004 -2812857.568841278 
-85.1885346418857 170160.45097900138 
-92.61907844654384 -499.87230236848575 
62263.729363510705 86204978.29296364 
443363.3650716988 -29972498.022318825 
51651.488193585086 194.65063854915465 