2926.1141733581703 -878941.0976161963 
1496.7946678043706 -633655.6796689904 
3996.044241985404 -3200235.2877599634 
-15460.348373869854 1989203.4655123574 
68385.68954559334 1460970.125086724 
-135.93801014711084 12834.643900546605 
2168.0762110869523 22241.370746668075 
-421.69730264384617 10295.162347843081 
146023.78844056863 30443478.264753595 
11015.32619963086 5202752.479431757 
370.64553475781986 3874065.198580614 
44157.12476550177 -84730575.01894383 
377.86901812235146 -187091.0931168028 
1055.4457369155136 401137.86493420904 
-711.2491311318271 -2826783.814762742 
188.15533002698237 171151.58630441883 
-421.33061715176245 -35.648373707041586 
74449.22302776462 86626548.27532469 
467453.4974388531 -30117710.49492712 
54505.280156455345 159.90159611114112 