2360.763163919799 -880801.4319335797 
1094.5135756348384 -635079.8286584914 
3511.150532310977 -3207043.0994060384 
-14965.123921661609 1993444.7041419619 
66442.85389995019 1464071.1861511525 
55.847058511170204 12270.487477119614 
1934.2710709104683 22288.893933786137 
-154.659748880415 10377.40357346416 
138452.60113538688 30507205.7534799 
10915.66546755167 5214005.066468826 
359.81837333596957 3882615.427723848 
44608.01310540751 -84915002.51296544 
-323.3081128861194 -187283.53567276782 
1153.4960657140577 401991.03870084777 
-823.6721806226702 -2832895.5226884647 
-82.32629522126928 171516.74142430947 
-116.96808131359708 -521.4641130039051 
61361.1002031956 86811559.55668314 
444739.9440641076 -30181438.81228981 
51505.13988779687 0.05600089627881388 