2926.1141733581703 -885032.3866554043 
1496.7946678043706 -638318.7679369892 
3996.044241985404 -3222526.0921993796 
-15533.714959382187 2003090.544912963 
68385.68954559334 1471123.9233020016 
-218.31548935996892 11982.140860691983 
2118.8540763129636 22396.97582587106 
-89.38390241296867 10579.132051419047 
143270.62942050255 30652141.057213813 
10958.377209871322 5239596.803293952 
341.7731042995524 3902061.197243989 
40550.0180462559 -85334445.60412042 
377.86901812235146 -194611.15607297403 
968.2898890945855 403931.4101398771 
-684.7966488986875 -2846795.3681437266 
193.87980886821526 172373.73813425688 
-421.33061715176245 -78.83199497788088 
76254.48134839482 87232330.3542435 
472959.81340848835 -30326376.000589844 
54797.97676803178 -118.0907433929673 