2413.3539554954614 -887238.2690317403 
1135.7731748317135 -640007.4456804795 
3566.5669562737685 -3230598.421775395 
-15111.857092686274 2008119.5730072455 
67018.50890606668 1474800.9913891964 
161.39320369500936 12320.634714765489 
1934.271070910477 22453.32621405209 
-332.6847847227057 10688.370397336852 
138452.60113538688 30727705.61728021 
10972.614457311207 5252939.503689958 
345.38215810683585 3912199.589899789 
42804.459745784574 -85553129.60891062 
372.34793835063124 -197764.25333609307 
1109.9181418035937 404943.0567875762 
-797.2196983895307 -2854042.296116128 
40.749999865236795 172649.46751050084 
126.52194735693539 234.24925923565013 
63166.35852382581 87451706.58203138 
452999.4180185605 -30401941.54320781 
52383.22972252618 152.95178762353848 