2926.1141733581703 -887403.0070598455 
1496.7946678043706 -640133.5582259861 
3996.044241985404 -3231201.2733466458 
-15607.08154489452 2008495.1470543595 
68673.51704865159 1475075.5993884222 
108.62013109858432 12082.43533596825 
2118.8540763129668 22457.534530837922 
-89.38390241356547 10685.62069068665 
143270.62942050255 30733348.872221418 
11015.32619963086 5253935.953082009 
341.7731042995524 3912956.737620896 
40550.0180462559 -85569461.20125379 
422.0376562961135 -198371.18755105964 
968.2898890945855 405018.6078122677 
-684.7966488986875 -2854583.5056732656 
99.42590798787339 172492.97245911913 
430.88448319510076 -208.3828587903787 
76254.48134839482 87468089.87044542 
475712.971393306 -30407584.871527184 
55090.67337960822 -131.9903603681727 