2926.1141733581703 -888423.5792339608 
1496.7946678043706 -640914.840824978 
3996.044241985404 -3234936.012349028 
-15607.08154489452 2010821.8740779439 
68961.34455170983 1476776.8294324067 
-218.31548938432104 12032.28809832248 
2168.076211086965 22483.60556653552 
-421.6973026419027 10721.116903829286 
146023.78844056863 30768309.524784014 
11129.224179149935 5260109.0785839865 
370.64553475781986 3917647.3600882427 
44157.12476550177 -85670637.4074773 
377.86901812235146 -202131.21902914526 
1055.4457369155136 405486.6556237715 
-711.2491311318271 -2857936.3648808976 
70.80351378170923 172984.8140491759 
-421.33061715176245 -35.64837370705176 
74449.22302776462 87569586.34013234 
472959.81340848835 -30442545.97867648 
55090.67337960822 159.90159611114112 