2360.763163919799 -890283.9135513443 
1094.5135756348384 -642338.9898144789 
3511.150532310977 -3241743.823995103 
-15111.857092686274 2015063.1127075483 
67018.50890606668 1479877.890496835 
243.770682890958 12496.15004651973 
1934.271070910481 22531.128753653582 
-154.6597488890549 10803.358130259427 
138452.60113538688 30832037.01351032 
11029.563447070745 5271361.665621055 
359.81837333596957 3926197.5892314767 
44608.01310540751 -85855064.90149891 
-323.3081128861194 -202323.66158511027 
1153.4960657140577 406339.8293904102 
-823.6721806226702 -2864048.0728066205 
40.749999865236795 173379.7777502821 
-116.96808131359708 -521.4641130039138 
61361.1002031956 87754597.62149079 
450246.2600337429 -30506274.29603917 
52090.53311094974 0.05600089627881388 