2439.6493512832926 -891641.9977830411 
1156.402974430151 -643378.649335972 
3594.2751682551643 -3246713.6735337065 
-15221.906970954773 2018159.3085105857 
67450.25016065405 1482141.7320514286 
-162.96812069279918 12195.26662066881 
1958.8821382974816 22565.821706668496 
-344.55312044984635 10880.34991708394 
139829.18064541992 30878559.45668417 
11058.037941950513 5279576.297194553 
352.6002657214027 3932439.4411762133 
43706.23642559604 -85989700.9554499 
361.30577880719073 -204040.8413152596 
1131.7071037588257 406962.6646671357 
-783.9934572729609 -2868509.7515947293 
9.265366238456224 173573.53352818327 
-92.61907844654384 -499.8723023684985 
64068.98768414091 87889659.85280646 
457129.15499578696 -30552797.34413548 
52822.274639890835 -236.23748768221333 