2899.818777570339 -892827.3079852617 
1476.164868205933 -644286.0444804705 
3968.336030004008 -3251051.2641073395 
-15643.764837650686 2020861.609581284 
69105.25830323895 1484117.570094639 
-27.817568801587214 12759.423044225963 
2143.4651436999725 22596.101059151926 
-409.82896691414675 10913.096424081565 
144647.2089305356 30919163.36418797 
11157.698674029703 5286745.872088581 
363.427427143253 3937887.211364667 
43255.348085690304 -86107208.75401658 
388.91117766579197 -208407.8070083118 
1033.6567749602816 407506.263503331 
-724.4753722483969 -2872403.8203594987 
-138.1399639232894 173879.07148564278 
406.5354803280475 -229.97466942579948 
73546.59386744951 88007539.61090742 
474336.39240089717 -30593401.779604148 
55237.02168539644 -229.2876791946107 