2413.3539554954614 -895700.1784753895 
1135.7731748317135 -646485.3242374752 
3566.5669562737685 -3261564.4073620774 
-15258.59026371094 2027411.2545492477 
67594.16391218317 1488906.4656908945 
-188.7110830631954 12596.444521919275 
1983.4932056844857 22669.489998221587 
-356.42145617978315 11050.831732804807 
141205.76015545297 31017576.224748034 
11143.46142658982 5304122.97734021 
374.2545885651033 3951091.1289400714 
46411.566465030446 -86392015.79122058 
328.1793001768692 -209044.3477703499 
1197.0739896245218 408823.79966563487 
-823.6721806226702 -2881841.987026652 
-205.40259030777526 174572.1209989046 
-68.2700755794906 -521.4641130039164 
61361.1002031956 88293248.17715211 
455752.57600337814 -30691815.919807874 
52675.926334102616 -111.14093490536456 