2387.05855970763 -897058.2627070863 
1115.143375233276 -647524.9837589683 
3538.8587442923726 -3266534.2569006807 
-15221.906970954773 2030507.450352285 
67450.25016065405 1491170.307245488 
246.34497933459707 12521.223665430103 
1909.6600035234915 22704.1829512359 
165.7853155309328 11114.824907553724 
137076.02162535384 31064098.667921882 
11114.986931710051 5312337.608913708 
352.6002657214027 3957332.980884808 
43706.23642559604 -86526651.84517156 
361.30577880719073 -214047.8542254402 
1131.7071037588257 409446.63494236034 
-810.4459395061004 -2886303.6658147606 
249.69347757023544 174706.25961437463 
-92.61907844654384 -499.87230236850064 
62263.729363510705 88428310.40846778 
457129.15499578696 -30738338.96790418 
52822.274639890835 -97.2413179301592 