2439.6493512832926 -898753.8589963645 
1156.402974430151 -648823.0202029627 
3594.2751682551643 -3272739.216975505 
-15295.273556467106 2034373.1149347755 
67738.07766371229 1493996.7603106906 
-268.51426695225314 12195.266620736435 
1958.882138297491 22747.49782156738 
-344.55312045854424 11199.81584488162 
139829.18064541992 31122182.901706982 
11114.986931710051 5322593.746558725 
352.6002657214027 3965126.062306935 
43706.23642559604 -86694747.74685 
-135.5914006476311 -216534.8041794496 
1131.7071037588257 410224.2576843075 
-783.9934572729609 -2891874.164183346 
-202.54035088715884 175168.29262321585 
102.17294448988214 212.65744860022613 
64068.98768414091 88596938.4014122 
459882.3129806046 -30796423.956947498 
53114.97125146727 -222.33787070700797 