2439.6493512832926 -900778.9313418532 
1156.402974430151 -650373.2817379702 
3594.2751682551643 -3280149.8801928307 
-15368.640141979438 2038989.927611494 
68025.90516677054 1497372.4293743449 
163.9675008048296 12195.266620706574 
2008.1042730714912 22799.22932547038 
-368.2897918815637 11284.806785187488 
142582.339665486 31191553.645374496 
11228.884911229126 5334842.782987845 
367.03648095053643 3974433.439171276 
45509.78978521898 -86895506.83321477 
339.2214597203097 -217807.88570352583 
1175.2850276692898 411152.9824756378 
-810.4459395061004 -2898527.0816662065 
9.265366238456224 175406.76127294035 
102.17294448988214 212.65744860022443 
62263.729363510705 88798332.97118469 
459882.3129806046 -30865795.602629565 
53114.97125146727 180.7510215739493 