2926.1141733581703 -902647.3016606077 
1496.7946678043706 -651803.5825589593 
3996.044241985404 -3286987.099232625 
-15827.181301431518 2043249.4869263235 
69824.82706088456 1500486.8859509306 
-135.93801167357034 12834.643901838062 
2168.076211086984 22846.957796333267 
-421.6973026743429 11360.04876601065 
146023.78844056863 31255556.41482964 
11300.071148428548 5346143.977312331 
370.64553475781986 3983020.602349686 
44157.12476550177 -87080730.99027751 
377.86901812235146 -224691.40789765894 
1055.4457369155136 412009.84165811515 
-711.2491311318271 -2904665.1900581312 
99.42590798787339 175757.0121022232 
-421.33061715176245 -35.648373707060706 
74449.22302776462 88984143.43734382 
481219.28736294125 -30929799.20430052 
55968.76321433753 159.90159611114112 