2387.05855970763 -904170.1239204097 
1115.143375233276 -652969.354625959 
3538.8587442923726 -3292559.8003424793 
-15295.273556467106 2046721.2567764749 
67738.07766371229 1503025.33550475 
163.96750028261567 12295.56109624416 
1909.6600035235047 22885.85906613334 
165.78531516638523 11434.290853877246 
137076.02162535384 31307722.112944696 
11171.935921469589 5355355.05827788 
352.6002657214027 3990019.6020155298 
43706.23642559604 -87231698.63657166 
140.46258793838095 -224854.2439065524 
1131.7071037588257 412708.2279595322 
-810.4459395061004 -2909668.0784033774 
-113.81092884804978 176047.64576907494 
102.17294448988214 212.657448600222 
62263.729363510705 89135588.95707352 
459882.3129806046 -30981965.5807162 
53114.97125146727 -83.34170095495375 