2952.4095691460016 -906030.4582377932 
1517.4244674028082 -654393.5036154599 
4023.7524539667997 -3299367.6119885542 
-15937.231179700017 2050962.4954060793 
69968.74081241369 1506126.3965691784 
-138.51230903928703 12709.275809803597 
2143.4651437000025 22933.38225325058 
-409.8289670226918 11529.530717624695 
144647.2089305356 31371449.601671003 
11271.596653548779 5366607.645314949 
348.9912119141193 3998569.8311587637 
41451.79472606737 -87416126.13059327 
410.995496752673 -227207.96439873986 
990.0788510498176 413561.4017261709 
-671.5704077821177 -2915779.7863291004 
219.63996365376306 176293.56656410333 
-396.9816142847092 -57.24018434247932 
77157.11050870993 89320600.23843198 
488102.18232498533 -31045693.898078892 
56407.808131702186 48.704660309497825 