2952.4095691460016 -908401.0786422343 
1517.4244674028082 -656208.2939044568 
4023.7524539667997 -3308042.7931358204 
-15937.231179700017 2056367.097547476 
69968.74081241369 1510078.072655599 
-110.19505550617026 11957.067240571663 
2143.4651437000057 22993.940958216386 
-409.828966891458 11636.019401094769 
144647.2089305356 31452657.416678607 
11271.596653548779 5380946.795103006 
348.9912119141193 4009465.371535671 
41451.79472606737 -87651141.72772664 
90.77286999289876 -231708.15955361398 
990.0788510498176 414648.5993985615 
-671.5704077821177 -2923567.9238586393 
-20.78814767801616 176874.8338978068 
406.5354803280475 -229.97466942580854 
77157.11050870993 89556359.75463389 
488102.18232498533 -31126902.769016232 
56407.808131702186 62.604277284703194 