2899.818777570339 -914162.891625232 
1476.164868205933 -660619.1570814424 
3968.336030004008 -3329127.894432735 
-16010.59776521235 2069503.0288538535 
70256.56831547193 1519682.654872425 
216.7406606120059 11957.067226571588 
2143.4651437000134 23141.129403845036 
-409.82897008074633 11871.49447389351 
144647.2089305356 31650033.699256413 
11385.494633067854 5415798.220181098 
363.427427143253 4035947.074756832 
43255.348085690304 -88222349.12821689 
-361.9556712881611 -239287.4356039283 
1033.6567749602816 417291.0425548465 
-724.4753722483969 -2942497.058125349 
-138.13996392328934 178275.83721493822 
-396.9816142847092 -57.240184342483865 
73546.59386744951 90129375.25672464 
488102.18232498533 -31324281.618040208 
56407.808131702186 -215.3880622194052 