2439.6493512832926 -915348.2018274525 
1156.402974430151 -661526.5522259409 
3594.2751682551643 -3333465.4850063683 
-15588.739898516436 2072205.3299245518 
68889.38767594527 1521658.4929156352 
-162.96818928058246 12195.26662032056 
1958.8821382975266 23171.408756327917 
-344.5531288804609 11945.236763102856 
139829.18064541992 31690637.606760215 
11342.782890748202 5422967.795075127 
352.6002657214027 4041394.8449452855 
43706.23642559604 -88339856.92678358 
361.30577880719073 -241641.15609611574 
1131.7071037588257 417834.6413910418 
-783.9934572729609 -2946391.1268901187 
249.6934775702355 178551.56659118217 
-92.61907844654384 -499.8723023685111 
64068.98768414091 90247255.0148256 
470894.9449198751 -31364886.053508878 
54285.75769777302 -236.23748768221333 