2387.05855970763 -916698.2500577783 
1115.143375233276 -662560.0599159459 
3538.8587442923726 -3338405.927151252 
-15515.373313004104 2075283.205042364 
68889.38767594527 1523908.9389580714 
24.95618425258744 12521.22364636339 
1958.8821382975284 23205.896425596555 
-344.55314099338665 11988.232358902804 
139829.18064541992 31736884.769205224 
11399.73188050774 5431133.819361207 
367.03648095053643 4047599.762854846 
45509.78978521898 -88473696.31769343 
339.2214597203097 -246615.0560041345 
1175.2850276692898 418453.79125192866 
-836.89842173924 -2950826.4052120256 
-231.16274509332294 178491.94942875105 
-92.61907844654384 -499.8723023685127 
60458.4710428805 90381518.06134059 
465388.62895023986 -31411133.817296922 
53993.06108619658 55.65446879710046 