2360.763163919799 -918731.358404638 
1094.5135756348384 -664116.4732824415 
3511.150532310977 -3345845.9977622973 
-15552.05660576027 2079918.3384043076 
68745.47392441615 1527298.003533883 
-160.4241910865604 12320.63470487842 
1934.2710709105327 23257.833213245158 
-154.6610168837025 12081.222917383908 
138452.60113538688 31806530.793601576 
11371.25738562797 5443431.4630777445 
359.81837333596957 4056944.073754363 
44608.01310540751 -88675252.06709933 
-323.3081128861194 -247444.03932213763 
1153.4960657140577 419386.20145909756 
-823.6721806226702 -2957505.723161088 
129.47942190434588 179088.1210530623 
-116.96808131359708 -521.4641130039294 
61361.1002031956 90583711.81591375 
466765.2079426487 -31480780.74728725 
53846.712780408365 0.05600089627881388 