2978.704964933833 -919916.6686068586 
1538.0542670012458 -665023.8684269399 
4051.4606659481956 -3350183.5883359304 
-16194.014228993181 2082620.639475006 
70976.13707311754 1529273.8415770933 
-25.249667116313 12834.64372580191 
2168.0762110870196 23288.11256572804 
-421.7085327058725 12147.466138527425 
146023.78844056863 31847134.70110538 
11470.91811770716 5450601.037971773 
356.20931952868614 4062391.843942817 
42353.571405878836 -88792759.86566602 
399.9533372092325 -248524.67829024885 
1011.8678130050496 419929.80029529287 
-684.7966488986875 -2961399.7919258573 
-264.07849843041186 179423.46759173737 
430.88448319510076 -251.5664800612314 
76254.48134839482 90701591.57401471 
494985.0772870294 -31521385.18275592 
57139.54966064328 34.805043334292385 