2926.1141733581703 -921612.2648961368 
1496.7946678043706 -666321.9048709343 
3996.044241985404 -3356388.5484107547 
-16120.647643480848 2086486.3040574964 
70976.13707311754 1532100.294642296 
3.07241217018397 11931.993673540386 
2168.076211087022 23331.427436059428 
-421.7084516935918 12211.959531747896 
146023.78844056863 31905218.93489048 
11527.867107466698 5460857.175616791 
370.64553475781986 4070184.9253649437 
44157.12476550177 -88960855.76734446 
377.86901812235146 -254771.65972234384 
1055.4457369155136 420707.42303724005 
-711.2491311318271 -2966970.290294443 
188.15533002698248 179945.1177630097 
-421.33061715176245 -35.64837370707313 
74449.22302776462 90870219.56695913 
492231.9193022118 -31579470.17179924 
57139.54966064328 159.90159611114112 