160.3006543116417 239.29870855537857 
62.60991697199356 77.5876182069195 
-191.39869565771858 -2.3983599492102803 
-203.99988653694922 241.7999932870752 
205.2821246564828 -19.43511630621305 
136.5910519571635 71.99500174950845 
-4.399792745955418 209.2996032594217 
-38.993840639942746 -13.409292378129958 
100.93619574967276 -221.83338702908037 
-145.51735616426927 -170.22771054781782 
226.97680754556853 -128.3979605495426 
-15.001940291465834 -79.38918506525746 
172.63585687657348 -21.4429435286992 
231.01204815419217 152.92016893676683 
242.28534384005206 114.67950499114119 
106.20643285533657 -11.976205205262168 
153.3064369879229 -83.7049138242013 
-143.70059660744266 73.99824128175605 
173.2839624538737 -160.3684031360702 
62.395311711193564 2.287632618077586 