2899.818777570339 -926015.9936474377 
1476.164868205933 -669693.1085264268 
3968.336030004008 -3372503.800169066 
-16157.330936237015 2096526.0395608365 
71120.05082464666 1539441.0353045282 
-244.10266042935385 12809.57702940056 
2143.4651437000293 23443.922928671847 
-409.8406271588925 12403.876687577182 
144647.2089305356 32056072.774294436 
11556.341602346467 5487493.969121385 
363.427427143253 4090424.776641368 
43255.348085690304 -89397427.11388373 
388.91117766579197 -261048.24770151038 
1033.6567749602816 422727.03091679956 
-724.4753722483969 -2981437.745773044 
-261.21625900979535 180749.9494558299 
406.5354803280475 -229.9746694258175 
73546.59386744951 91308172.83773421 
493608.4982946206 -31730325.972726908 
57285.8979664315 -229.2876791946107 