2978.704964933833 -929399.1502246232 
1538.0542670012458 -672283.0295829275 
4051.4606659481956 -3384884.312924995 
-16340.747400017846 2104239.048040588 
71551.79207923403 1545080.545922776 
-246.67755430489518 12734.355672645861 
2168.0762110870323 23530.347385587593 
-421.70967593767335 12573.287987405025 
146023.78844056863 32171965.961135797 
11584.816097226236 5507957.637124003 
356.20931952868614 4105974.0054504457 
42353.571405878836 -89732822.25419949 
399.9533372092325 -263564.80420259136 
1011.8678130050496 424278.5909848553 
-684.7966488986875 -2992552.342044013 
-141.0022033439057 181286.50391771 
430.88448319510076 -251.56648006123714 
76254.48134839482 91644629.63882236 
500491.3932566647 -31846220.66650528 
57724.94288379615 34.805043334292385 