-345.3680056096221 921.9205793319874 
777.9955074921812 33147.757331064895 
10723.84077500404 9961551.998537539 
-241.96104492055966 144.66480152127352 
-105.95819762564297 -833.107229030224 
420.21631436307314 -26364.054345154567 
-114.46953792652471 -88.52951482761564 
-69.11144827184255 -91.74052781802784 
30.06754643186991 320.5389803211059 
-90.36463875875904 -1136.7962600692438 
-125.73409710264008 5433.489241169465 
-195.44468676697443 222.04089923338375 
791.6578910799913 -51302.600654567905 
-304081951.2835805 -1011091219273.4366 
212284033.22878945 1011091222217.5859 
-146.20203459026834 -57538.90035922962 
1531.027626164604 29611.795647674913 
4656.696399694023 -44892.56782067585 
-184.64827485966148 589.1757118271009 
-28504.27106379679 -39552.89940688628 