2952.4095691460016 -931432.2585714828 
1517.4244674028082 -673839.4429494231 
4023.7524539667997 -3392324.3835360403 
-16304.06410726168 2108874.1814025287 
71695.70583076315 1548469.6104985876 
106.10617937972687 11906.99814407566 
2192.6872784740335 23582.284173235297 
-433.61977330215996 12658.993403863016 
147400.36795060168 32241611.98553215 
11613.290592106005 5520255.28084054 
363.427427143253 4115318.3163499627 
43255.348085690304 -89934378.0036054 
-85.90168270214892 -269782.1790876151 
1033.6567749602816 425211.0011920242 
-698.0228900152573 -2999231.6599930753 
-49.410541884180255 181793.24979837457 
406.5354803280475 -229.97466942582255 
75351.85218807972 91846823.39339553 
499114.81426425587 -31915867.59649561 
57871.29118958437 -90.2915094425565 