2926.1141733581703 -934815.4151486683 
1496.7946678043706 -676429.3640059237 
3996.044241985404 -3404704.8962919693 
-16340.74740001785 2116587.18988228 
71551.79207923403 1554109.1211168354 
108.6820301511353 12082.493660115786 
2118.8540763130427 23668.708630151043 
-89.39079964955192 12816.310794722225 
143270.62942050255 32357505.17237351 
11584.816097226236 5540718.948843158 
341.7731042995524 4130867.5451590405 
40550.0180462559 -90269773.14392115 
422.0376562961135 -273571.81711277243 
968.2898890945855 426762.56126007996 
-684.7966488986875 -3010346.2562640444 
-169.62459755006986 182508.65574754807 
430.88448319510076 -208.3828587904085 
76254.48134839482 92183280.19448368 
503244.5512414823 -32031762.290273983 
58017.63949537259 -131.9903603681727 