2360.763163919799 -935325.701235726 
1094.5135756348384 -676820.0053054197 
3511.150532310977 -3406572.2657931605 
-15772.156362297272 2117750.5533940713 
69896.78393664912 1554959.7361388276 
-54.87924317225022 12320.66577009192 
1934.271070910555 23681.74414799938 
-154.67561479712109 12827.61962222538 
138452.60113538688 32374985.49865481 
11599.053344666121 5543805.5115941465 
359.81837333596957 4133212.8563927137 
44608.01310540751 -90320361.24703291 
350.26361926375023 -275451.8328518153 
1153.4960657140577 426996.58516583184 
-823.6721806226702 -3012022.6858678604 
-199.6781114665423 182814.19370500758 
126.52194735693539 234.24925923561528 
61361.1002031956 92234028.42932715 
477777.8398819192 -32049242.84384863 
55017.49922671411 13.95561787148421 