2387.05855970763 -938033.8336977486 
1115.143375233276 -678893.1725169178 
3538.8587442923726 -3416482.5574766477 
-15882.206240565774 2123924.6243149173 
70040.69768817825 1559474.0237358573 
164.05995859367957 12195.311932604229 
1958.882138297557 23750.924770281104 
-344.59509157338215 12948.246833848574 
139829.18064541992 32467755.104273666 
11627.52783954589 5560186.167453724 
367.03648095053643 4145659.626247011 
45509.78978521898 -90588836.69189374 
-135.5914006476311 -276754.52092296316 
1175.2850276692898 428238.57030344417 
-836.89842173924 -3020919.642977876 
-231.16274509332288 182888.71515804649 
102.17294448988214 212.65744860019817 
60458.4710428805 92503353.7071578 
479154.418874328 -32142013.65573298 
55163.84753250233 69.55408577230594 