2360.763163919799 -940066.9420446083 
1094.5135756348384 -680449.5858834134 
3511.150532310977 -3423922.628087693 
-15845.522947809626 2128559.757676858 
70184.61143970737 1562863.088311669 
-83.21285495957464 12496.160979946368 
1934.2710709105613 23802.86155792881 
-154.6757210471619 13041.732599772964 
138452.60113538688 32537401.12867002 
11656.002334425659 5572483.811170261 
359.81837333596957 4155003.937146528 
44608.01310540751 -90790392.44129965 
350.26361926375023 -282971.8958079869 
1153.4960657140577 429170.98051061307 
-823.6721806226702 -3027598.9609269383 
129.47942190434594 183484.88678235773 
126.52194735693539 234.24925923561324 
61361.1002031956 92705547.46173097 
480530.99786673684 -32211660.58572331 
55310.19583829055 13.95561787148421 