2439.6493512832926 -941425.0262763051 
1156.402974430151 -681489.2454049066 
3594.2751682551643 -3428892.477626296 
-15955.572826078136 2131655.9534798935 
70328.52519123649 1565126.9298662625 
164.0600112996073 12295.594941590467 
1958.8821382975616 23837.554510942493 
-344.5950912416935 13119.134822158036 
139829.18064541992 32583923.571843866 
11627.52783954589 5580698.442743759 
352.6002657214027 4161245.789091265 
43706.23642559604 -90925028.49525063 
-135.5914006476311 -284215.37078499165 
1131.7071037588257 429793.81578733854 
-783.9934572729609 -3032060.639715047 
-202.54035088715872 183961.82408180673 
102.17294448988214 212.6574486001955 
64068.98768414091 92840609.69304664 
484660.7348439633 -32258183.633819617 
55749.240755655206 -222.33787070700797 