2387.05855970763 -942775.0745066309 
1115.143375233276 -682522.7530949116 
3538.8587442923726 -3433832.91977118 
-15955.572826078147 2134733.828597704 
70328.52519123649 1567377.3759086987 
-268.66749564656794 12295.594941633675 
1958.8821382975634 23872.042180210534 
-344.5950911871122 13162.35943799549 
139829.18064541992 32630170.734288875 
11684.476829305428 5588864.467029839 
367.03648095053643 4167450.7070008256 
45509.78978521898 -91058867.88616048 
-135.5914006476311 -284274.58387913473 
1175.2850276692898 430412.9656482254 
-836.89842173924 -3036495.918036954 
249.69347757023556 184170.48415031566 
102.17294448988214 212.65744860019345 
60458.4710428805 92974872.73956163 
481907.57685914566 -32304431.39760766 
55456.54414407877 69.55408577230594 