2926.1141733581703 -944297.8967664329 
1496.7946678043706 -683688.5251619113 
3996.044241985404 -3439405.620881034 
-16487.480571042575 2138205.5984478532 
72127.44708535052 1569915.825462518 
191.1054420987174 12784.474661180573 
2118.8540763130554 23910.9434500099 
-89.39094573247704 13244.53642063928 
143270.62942050255 32682336.43240393 
11698.714076745311 5598075.547995388 
341.7731042995524 4174449.7066666693 
40550.0180462559 -91209835.53245462 
422.0376562961135 -288611.9430251156 
968.2898890945855 431111.3519496424 
-684.7966488986875 -3041498.8063822 
-264.0784984304118 184520.73497959852 
430.88448319510076 -208.38285879041652 
76254.48134839482 93126318.25929134 
508750.8672111176 -32356597.774023343 
58603.032718525465 -131.9903603681727 