2360.763163919799 -944808.1828534906 
1094.5135756348384 -684079.1664614072 
3511.150532310977 -3441272.9903822253 
-15918.889533322003 2139368.9619596447 
70472.43894276561 1570766.4404845103 
166.63573461240398 12220.38267056338 
1934.2710709105677 23923.97896785824 
-154.6757274444336 13255.845178008381 
138452.60113538688 32699816.758685227 
11712.951324185196 5601162.110746376 
359.81837333596957 4176795.0179003426 
44608.01310540751 -91260423.63556638 
350.26361926375023 -290491.9587641585 
1153.4960657140577 431345.3758553943 
-823.6721806226702 -3043175.235986016 
-82.3262952212691 184707.03861219579 
126.52194735693539 234.24925923560636 
61361.1002031956 93177066.4941348 
483284.1558515545 -32374078.32759799 
55602.89244986699 13.95561787148421 