2952.4095691460016 -945655.9809981297 
1517.4244674028082 -684728.1846834044 
4023.7524539667997 -3444375.4704196374 
-16524.163863798756 2141301.7942508887 
72559.18833993789 1572179.6670171116 
-105.10680513890996 11906.998231227188 
2192.6872784740526 23945.636403023585 
-433.61979504801343 13301.331513553467 
147400.36795060168 32728858.875577778 
11784.137561384618 5606290.179568885 
363.427427143253 4180691.558611406 
43255.348085690304 -91344471.5864056 
-85.90168270214892 -292342.36795612983 
1033.6567749602816 431734.1872263679 
-698.0228900152573 -3045960.485170309 
219.63996365376312 184535.6392702063 
406.5354803280475 -229.97466942583418 
75351.85218807972 93261380.49060701 
507374.28821870877 -32403120.82211965 
58749.38102431368 -90.2915094425565 