2978.704964933833 -948364.1134601523 
1538.0542670012458 -686801.3518949025 
4051.4606659481956 -3454285.7621031245 
-16634.213742067284 2147475.8651717347 
72703.10209146701 1576693.9546141413 
108.68116417458026 11982.210495696256 
2168.076211087058 24014.81702530531 
-421.7498347111525 13429.497427072902 
146023.78844056863 32821628.481196634 
11812.612056264386 5622670.835428462 
356.20931952868614 4193138.3284657034 
42353.571405878836 -91612947.03126644 
399.9533372092325 -293645.05602727766 
1011.8678130050496 432976.1723639802 
-684.7966488986875 -3054857.4422803246 
99.42590798787356 185102.002313302 
430.88448319510076 -251.56648006125218 
76254.48134839482 93530705.76843767 
511504.0251959352 -32495891.634004 
58895.7293301019 34.805043334292385 