2360.763163919799 -951920.044066814 
1094.5135756348384 -689523.5373283979 
3511.150532310977 -3467298.533824024 
-16065.622704346744 2155582.7683838247 
70760.26644582386 1582621.4687437722 
55.878110631809534 12270.524179940074 
1934.2710709105772 24105.655082751433 
-154.67572788164532 13577.013869691602 
138452.60113538688 32943440.20370804 
11769.900313944734 5644179.5601105485 
359.81837333596957 4209481.639031251 
44608.01310540751 -91965470.42696649 
-323.3081128861194 -300084.480015338 
1153.4960657140577 434606.9688725661 
-823.6721806226702 -3066539.648574633 
252.55571699085203 186018.61618568053 
-116.96808131359708 -521.4641130039506 
61361.1002031956 93884345.04274054 
486037.3138363721 -32617704.94041001 
55895.589061443425 0.05600089627881388 