2387.05855970763 -956998.7969332777 
1115.143375233276 -693411.4948288929 
3538.8587442923726 -3485884.006654777 
-16175.672582615298 2167161.441446064 
71192.00770041122 1591087.4324272226 
-85.78861472366178 12571.373242606587 
1958.8821382975825 24235.394409995628 
-344.5950927237251 13804.696816167863 
139829.18064541992 33117417.624334503 
11855.32379858404 5674899.365758183 
367.03648095053643 4232823.949262743 
45509.78978521898 -92468961.46896069 
-135.5914006476311 -306834.77274764946 
1175.2850276692898 436936.15168256906 
-836.89842173924 -3083224.7432141877 
-79.46405580065263 187225.8637249108 
102.17294448988214 212.65744860018336 
60458.4710428805 94389429.83677311 
490167.05081359856 -32791684.6232317 
56334.63397880808 69.55408577230594 