2926.1141733581703 -958521.6191930798 
1496.7946678043706 -694577.2668958926 
3996.044241985404 -3491456.707764631 
-16707.580327579726 2170633.2112962133 
72990.92959452525 1593625.881981042 
108.68116264595753 12082.493515544871 
2118.8540763130745 24274.295679794322 
-89.39094629868222 13886.873772081346 
143270.62942050255 33169583.322449557 
11869.561046023924 5684110.446723732 
341.7731042995524 4239822.948928673 
40550.0180462559 -92619929.11525483 
422.0376562961135 -311172.1318936303 
968.2898890945855 437634.5379839861 
-684.7966488986875 -3088227.631559434 
70.8035137817094 187486.68881054697 
430.88448319510076 -208.3828587904247 
76254.48134839482 94540875.35650282 
517010.3411655705 -32843850.999647383 
59481.122553254776 -131.9903603681727 