2360.763163919799 -959031.9052801374 
1094.5135756348384 -694967.9081953885 
3511.150532310977 -3493324.0772658223 
-16138.989289859153 2171796.574808005 
71335.92145194035 1594476.4970030342 
-54.879510936503564 12320.665690263588 
1934.2710709105868 24287.331197642434 
-154.67572794308265 13898.182527438741 
138452.60113538688 33187063.648730855 
11883.79829346381 5687197.009474721 
359.81837333596957 4242168.260162375 
44608.01310540751 -92670517.2183666 
350.26361926375023 -313052.1476326732 
1153.4960657140577 437868.56188973796 
-823.6721806226702 -3089904.06116325 
-110.94868942743321 187300.3851779497 
126.52194735693539 234.2492592355983 
61361.1002031956 94591623.59134628 
491543.6298060074 -32861331.55322203 
56480.9822845963 13.95561787148421 