247.51261713532858 701.9674273965128 
718.08591626975 59324.83058521984 
8922.409286377455 10683166.127398377 
-88.1143006939137 56.41516482053122 
234.91979921975187 -595.942944230494 
494.00048584057095 -985.254704064059 
85.74728800470254 -42.615728014482215 
-171.40850224728223 -33.99267963572457 
186.90651907045518 314.50143369495663 
282.34058655469204 -1122.2050834309396 
263.082359260352 4118.377994211135 
-173.2247893997415 51.93858795698381 
641.0351021246715 -55983.331731838334 
-200808755.0790954 -1080021450003.6649 
200809233.57228196 1080021453128.4263 
40.36783561306469 -56912.67119828437 
645.2519320867862 29300.65691308853 
4540.970135505021 -49460.22707622229 
-150.35973058745486 689.5567562309853 
-21667.96065325797 -40352.00943678848 