-163.24213520272696 696.434034612185 
736.5196366458827 62397.66531937313 
10363.55447727872 10767873.876744168 
-70.04196536307981 17.578500510312082 
191.01570731614538 -606.8470492911084 
513.6762648374183 1993.873492418031 
109.25003500563449 -37.22610196729905 
-262.52762828015335 96.2478391568946 
205.31730082270303 311.05140695782416 
-256.89250558503807 -1326.4815554732104 
220.11921491085153 5405.508150808687 
-170.63310910243916 31.978717356198363 
605.5944458999096 -56532.786321198226 
-154909556.76599094 -1088112927808.0992 
154910034.946252 1088112930954.062 
334.1161418911015 -56150.305263221155 
-279.035748690069 28868.2268073922 
4695.271821090358 -49996.40856136949 
-128.8548290316123 695.9301759716506 
-23107.183897581934 -46744.88967600608 