-384.10971714803344 620.3499145300221 
971.5495714415742 64050.03871415368 
25855.86527946734 10813424.2702603 
-60.32390082405394 -3.305351478619819 
167.40690316858928 -702.2579685009784 
666.1635527486407 3595.857522635309 
121.88830059053831 -34.327905390477135 
-242.75687522732647 166.28293535573778 
215.21743799176434 298.1138066922186 
-169.6636230245879 -1049.2492004969035 
179.30422777882595 5489.451421891135 
-169.24051397721632 21.245433859510275 
596.7342818437193 -56828.24775130962 
-51636360.561505854 -1092464005495.3894 
-40161559.21437527 1092464008652.7529 
107.85055463097001 -55469.621392632595 
-1395.8833629621013 29168.81846622989 
6122.562412754721 -50284.73256753355 
-117.29490879454588 767.6311715284648 
-40737.66864055047 -53936.87994512588 