2387.05855970763 -965806.2544358794 
1115.143375233276 -700153.9021398779 
3538.8587442923726 -3518114.5101714 
-16249.039168127725 2187240.912452732 
71479.83520346947 1605768.9137516872 
-52.303752279925995 12345.736445464438 
1909.6600035235974 24460.38539521653 
165.81320010248174 14211.309395818791 
137076.02162535384 33419125.303142417 
11912.272788343578 5728172.952767373 
352.6002657214027 4273303.65181609 
43706.23642559604 -93342104.16203924 
140.46258793838095 -322615.0623367812 
1131.7071037588257 440975.3674416881 
-810.4459395061004 -3112159.65417139 
-202.54035088715867 189088.90005088344 
102.17294448988214 212.65744860018083 
62263.729363510705 95265336.37832327 
495673.3667832338 -33093396.22508704 
56920.027201960955 -83.34170095495375 