2439.6493512832926 -967501.8507251577 
1156.402974430151 -701451.9385838723 
3594.2751682551643 -3524319.470246224 
-16395.77233915241 2191106.5770352203 
72055.49020958596 1608595.3668168897 
30.120524124814672 12571.373242599939 
1958.8821382975966 24503.70026554644 
-344.59509272851017 14296.753324119136 
139829.18064541992 33477209.536927518 
11969.221778103116 5738429.09041239 
352.6002657214027 4281096.733238312 
43706.23642559604 -93510200.06371768 
361.30577880719073 -324361.8486140021 
1131.7071037588257 441752.99018363527 
-783.9934572729609 -3117730.1525399755 
126.61718248372958 189267.75153817682 
-92.61907844654384 -499.8723023685394 
64068.98768414091 95433964.37126769 
501179.68275286915 -33151481.214130357 
57505.42042511383 -236.23748768221333 