2413.3539554954614 -970209.9831871802 
1135.7731748317135 -703525.1057953704 
3566.5669562737685 -3534229.7619297113 
-16359.089046396271 2197280.6479560663 
71911.57645805684 1613109.6544139194 
-188.8189600790568 12446.019466408272 
1934.2710709106018 24572.88088782691 
-332.7251324310436 14424.919216282184 
138452.60113538688 33569979.142546386 
11940.747283223347 5754809.746271968 
345.38215810683585 4293543.503092763 
42804.459745784574 -93778675.50857851 
328.1793001768692 -329365.35506909265 
1109.9181418035937 442994.9753212476 
-797.2196983895307 -3126627.109649991 
252.5557169908521 189804.30600005694 
-116.96808131359708 -521.4641130039563 
63166.35852382581 95703289.64909835 
499803.10376046033 -33244252.026014708 
57359.07211932561 166.85140459874387 