421.87497169405805 620.3499141721102 
999.2001520057732 70137.73016860776 
28017.583065819243 10981241.509530263 
-24.520651133833677 -80.24580413785436 
80.4270983423769 -718.6141260855987 
695.6772213805469 9497.903949783471 
168.45030667592653 -23.65033671549059 
-62.241513300376155 205.60088124631233 
251.6916261626501 289.4887397247696 
-185.52341984910672 -1039.5217494482283 
28.933222603114714 5545.41360261344 
-164.1096261275192 -18.298267795689508 
614.4546099563863 -57916.789862244346 
-74585959.71805812 -1108494291711.7148 
-17211959.901360184 1108494294911.088 
-177.9586082205854 -57538.90035921067 
-1472.907336360172 29158.2713904812 
6199.713255547389 -51346.978906032724 
-74.71585125973262 770.8178836133937 
-41457.280262712455 -49142.21976571268 