2387.05855970763 -971222.5193599246 
1115.143375233276 -704300.2365628742 
3538.8587442923726 -3537935.093538374 
-16395.77233915245 2199589.054294424 
72055.49020958596 1614797.4889457466 
135.72662827440476 12471.090221646227 
1958.8821382976016 24598.74663977747 
-344.5950927292016 14447.034115307286 
139829.18064541992 33604664.514380164 
12026.170767862654 5760934.264486528 
367.03648095053643 4298197.191524991 
45509.78978521898 -93879055.0517609 
-135.5914006476311 -329394.9616161642 
1175.2850276692898 443459.33771691273 
-836.89842173924 -3129953.5683914213 
-108.08645000681673 189759.5931282336 
102.17294448988214 212.6574486001786 
60458.4710428805 95803986.9339846 
498426.5247680515 -33278937.84885574 
57212.72381353739 69.55408577230594 