2952.4095691460016 -972407.8295621452 
1517.4244674028082 -705207.6317073726 
4023.7524539667997 -3542272.6841120073 
-16964.36337687303 2202291.355365121 
73998.32585522911 1616773.326988957 
0.49929979815556347 12007.281249729118 
2143.4651437000916 24629.025992259278 
-409.8798743692743 14521.169288134486 
144647.2089305356 33645268.42188399 
12068.882510182306 5768103.839380557 
348.9912119141193 4303644.9617135115 
41451.79472606737 -93996562.85032758 
410.995496752673 -332488.8457851403 
990.0788510498176 444002.93655310804 
-671.5704077821177 -3133847.637156191 
-20.78814767801599 190065.1310856931 
-396.9816142847092 -57.24018434251859 
77157.11050870993 95921866.69208555 
526646.3941124323 -33319542.28432441 
60505.560693772306 48.704660309497825 