2899.818777570339 -975453.4740817492 
1476.164868205933 -707539.175841372 
3968.336030004008 -3553418.0863317153 
-16890.99679136071 2209234.8950654194 
73710.49835217086 1621850.2260965956 
111.25692121027386 12057.422760199493 
2094.243008926099 24706.8285318566 
100.52841845038837 14649.83779134108 
141894.0499104695 33749599.81811417 
12068.882510182306 5786526.001311654 
348.9912119141193 4317642.961045371 
41451.79472606737 -94298498.14291587 
-85.90168270214892 -337521.95878730237 
990.0788510498176 445399.7091559421 
-698.0228900152573 -3143853.413846683 
-20.78814767801599 190795.44132547438 
406.5354803280475 -229.97466942584796 
75351.85218807972 96224757.73154496 
523893.2361276146 -33423875.037155773 
60212.86408219587 201.6004470367574 