2926.1141733581703 -976136.5341982831 
1496.7946678043706 -708062.0815178626 
3996.044241985404 -3555917.714797877 
-17001.04666962921 2210792.1533095497 
74142.23960675823 1622988.844629971 
-107.68256297771924 11982.210494482111 
2168.076211087095 24724.27765023595 
-421.74983466715634 14671.952690311437 
146023.78844056863 33772998.68006553 
12154.305994821612 5790657.6207421115 
370.64553475781986 4320782.354035366 
44157.12476550177 -94366214.50141193 
101.81502953633924 -337018.6474870862 
1055.4457369155136 445712.9695022241 
-711.2491311318271 -3146097.4534738385 
222.50220307437965 190810.34561608217 
430.88448319510076 -251.56648006126446 
74449.22302776462 96292688.43960313 
525269.8151200234 -33447274.203358058 
60359.21238798409 173.8012130863466 