2439.6493512832926 -976638.7842839698 
1156.402974430151 -708446.5709858704 
3594.2751682551643 -3557755.6769053484 
-16542.505510177132 2211937.196136116 
72631.14521570245 1623826.064139806 
-268.66747782225696 12195.311914014754 
2008.1042730716058 24737.10788433841 
-368.3350133255919 14703.365899073413 
142582.339665486 33790203.725618 
12140.068747381729 5793695.576205683 
367.03648095053643 4323090.731233892 
45509.78978521898 -94416005.94148256 
339.2214597203097 -338128.893002269 
1175.2850276692898 445943.3079921374 
-810.4459395061004 -3147747.4826114527 
132.34166132496247 191130.78786414946 
102.17294448988214 212.6574486001734 
62263.729363510705 96342637.48964591 
503932.8407376867 -33464479.472624443 
57798.117036690266 180.7510215739493 