2413.3539554954614 -978671.8926308295 
1135.7731748317135 -710002.9843523661 
3566.5669562737685 -3565195.7475163937 
-16505.822217420966 2216572.329498057 
72775.05896723157 1627215.1287156176 
161.48421464016909 12170.24115877356 
1983.49320568461 24789.044671984448 
-356.4650530273948 14789.312438213628 
141205.76015545297 33859849.750014395 
12168.543242261498 5805993.21992222 
374.2545885651033 4332435.042133524 
46411.566465030446 -94617561.69088846 
151.50474748182143 -345145.64465822437 
1197.0739896245218 446875.7181993063 
-823.6721806226702 -3154426.800560515 
40.74999986523702 191607.72516359846 
77.8239416228289 234.24925923558834 
61361.1002031956 96544831.24421908 
502556.2617452779 -33534126.402614772 
57944.465342478485 -125.04055188057004 