2899.818777570339 -980540.2629495839 
1476.164868205933 -711433.2851733551 
3968.336030004008 -3572032.966556188 
-17037.729962385376 2220831.8888128838 
74286.15335828735 1630329.5852922034 
-138.5916666262254 12809.545417376286 
2143.4651437001025 24836.773142844777 
-409.87987436909077 14864.95544486041 
144647.2089305356 33923852.51946958 
12182.780489701381 5817294.414246706 
363.427427143253 4341022.20531204 
43255.348085690304 -94802785.8479512 
-361.9556712881611 -344568.3169903293 
1033.6567749602816 447732.57738178363 
-724.4753722483969 -3160564.9089524397 
-172.48683697068617 191838.74166801907 
-396.9816142847092 -57.24018434252462 
73546.59386744951 96730641.71037821 
526646.3941124323 -33598130.00428575 
60505.560693772306 -215.3880622194052 