437.37463529898093 636.9500844389308 
1091.3687538864358 82081.20102210777 
35223.309020325585 11310482.950383713 
45.72181343391427 -231.19546279320508 
-90.21899551590329 -773.134651494578 
794.0561168130397 21077.156940201236 
241.17486803097768 -2.6978693417403403 
226.58321078160793 -300.61762590222486 
186.73825008706407 -65.86830112374416 
-217.24301349649858 -942.2472388705078 
-266.0803684759027 5433.48924116942 
-154.04304526521304 -95.87932876751384 
579.0139537309409 -60052.405813214995 
-28686761.404953618 -1139944186574.2095 
-63111158.52739012 1139944189856.0117 
-130.3237477454498 -57647.80977850399 
-1626.9552831563133 29221.553844973347 
6662.618312303399 -53431.005055850146 
8.820262450436408 789.9381586061041 
-45774.94999568434 -50740.43982551708 