2899.818777570339 -984935.9556995138 
1476.164868205933 -714798.3369973595 
3968.336030004008 -3588118.81092078 
-17037.729962385376 2230853.303630993 
74286.15335828735 1637656.9304422783 
188.52968032998257 12709.26239641982 
2094.2430089261115 24949.063351707573 
100.52841844861958 15078.062652796645 
141894.0499104695 34074431.078144796 
12182.780489701381 5843882.600463884 
348.9912119141193 4361225.122553537 
41451.79472606737 -95238560.53144935 
-85.90168270214892 -352562.0846996455 
990.0788510498176 449748.4998455045 
-698.0228900152573 -3175005.963964839 
96.5636685672572 192628.66907023147 
406.5354803280475 -229.9746694258524 
75351.85218807972 97167795.79635261 
529399.5520972499 -33748710.520905256 
60798.25730534874 201.6004470367574 