2360.763163919799 -985108.72972899 
1094.5135756348384 -714930.6013743542 
3511.150532310977 -3588751.0698857503 
-16579.1888029333 2231247.1983633316 
72775.05896723157 1637944.9339536615 
243.90849103444953 12496.160976883955 
1934.2710709106218 24953.476952238743 
-154.6757279601958 15075.80090176994 
138452.60113538688 34080349.613814846 
12168.543242261498 5844927.657143353 
359.81837333596957 4362019.2043098295 
44608.01310540751 -95255688.78683364 
-323.3081128861194 -352724.920708539 
1153.4960657140577 449827.7362860347 
-823.6721806226702 -3175573.5739881783 
158.1018161105102 192800.06841222095 
-116.96808131359708 -521.4641130039643 
61361.1002031956 97184978.26956733 
505309.41973009554 -33754629.1335329 
57944.465342478485 0.05600089627881388 