154.70000871451083 233.6999835715107 
51.400133687809195 66.39982594017053 
-202.5999860366795 -13.59998282001499 
-203.99999845582144 247.39999818435103 
199.69991505835108 -30.600063183228578 
125.39988507348015 71.99992876839013 
-15.599997586982669 203.69999497504375 
-38.99991723264439 -24.600119069737648 
100.99892000961073 -221.9975210811883 
93.63327919597651 -175.0508764131288 
226.99981006345706 -139.60005085595077 
-15.000023525487098 -90.59986101272553 
78.46801654272664 -186.25149976456103 
231.00005828242215 152.99929296100595 
236.69990847509303 103.4007037412484 
100.69871907881179 -11.99972289479056 
147.7000456460703 -89.29999655560405 
-149.30000550298504 73.9999816590177 
167.69993883462 -171.5999084232514 
56.701289677660654 -3.300107726556738 