2952.4095691460016 -991372.7927976743 
1517.4244674028082 -719725.9540193477 
4023.7524539667997 -3611674.1332901367 
-17257.829718922374 2245528.1724962676 
75149.63586746209 1648386.7356803222 
82.92357619587315 12809.545417379119 
2143.4651437001044 25113.49563196187 
-409.87987436889114 15377.61901091363 
144647.2089305356 34294930.94194525 
12296.678469220456 5882817.037685016 
348.9912119141193 4390809.284729842 
41451.79472606737 -95876687.62739453 
410.995496752673 -362569.0976098266 
990.0788510498176 452700.51793223293 
-671.5704077821177 -3196152.7373925024 
219.6399636537633 193880.62948128508 
-396.9816142847092 -57.24018434253042 
77157.11050870993 97807942.82170086 
537659.0260517028 -33969213.251823395 
61676.347140078055 48.704660309497825 