2439.6493512832926 -993233.1271150578 
1156.402974430151 -721150.1030088486 
3594.2751682551643 -3618481.9449362117 
-16762.60526671413 2249769.4111258695 
73782.45522793542 1651487.7967447506 
-157.90985640063934 12145.170403529142 
2008.1042730716104 25161.018819076562 
-368.3350133256709 15452.759406083267 
142582.339665486 34358658.430671595 
12310.915716660342 5894069.624722085 
367.03648095053643 4399359.513873181 
45509.78978521898 -96061115.12141614 
-312.26595334267887 -367676.22697966755 
1175.2850276692898 453553.69169887167 
-810.4459395061004 -3202264.4453182253 
-202.54035088715855 194648.2004475858 
-92.61907844654384 -499.872302368552 
62263.729363510705 97992954.1030593 
512192.3146921396 -34032941.56918613 
58968.903482996015 194.65063854915465 