2952.4095691460016 -993743.4132021155 
1517.4244674028082 -721540.7443083446 
4023.7524539667997 -3620349.314437403 
-17257.829718922374 2250932.774637661 
75149.63586746209 1652338.4117667428 
-244.1977707534544 12709.262396420978 
2143.465143700101 25174.054336924437 
-409.8798743689172 15484.67522610381 
144647.2089305356 34376138.756952904 
12296.678469220456 5897156.187473074 
348.9912119141193 4401704.825106883 
41451.79472606737 -96111703.2245279 
90.77286999289876 -367069.29276470095 
990.0788510498176 453787.71560462355 
-671.5704077821177 -3203940.8749220413 
-20.78814767801593 194461.89681498855 
406.5354803280475 -229.9746694258568 
77157.11050870993 98043702.33790277 
537659.0260517028 -34050422.12276079 
61676.347140078055 62.604277284703194 