2952.4095691460016 -997809.6298958348 
1517.4244674028082 -724653.5710413358 
4023.7524539667997 -3635229.4556594933 
-17331.196304434707 2260203.0413615424 
75725.29087357857 1659116.540918366 
-27.834045212035853 12859.686927859228 
2192.6872784740926 25277.927912216164 
-433.6197949650144 15656.568303986682 
147400.36795060168 34515430.8057457 
12410.576448739532 5921751.474906148 
363.427427143253 4420393.4469061475 
43255.348085690304 -96514814.7233397 
-85.90168270214892 -375063.06047401717 
1033.6567749602816 455652.53601896134 
-698.0228900152573 -3217299.5108201657 
191.01756944759913 195684.0486448266 
406.5354803280475 -229.97466942585785 
75351.85218807972 98448089.8470491 
537659.0260517028 -34189715.982741535 
61969.04375165449 -90.2915094425565 