2413.3539554954614 -998657.428040474 
1135.7731748317135 -725302.589263333 
3566.5669562737685 -3638331.9356969055 
-16799.288559470297 2262135.8736527865 
73638.5414764063 1660529.7674509673 
243.9084910321069 12546.302487363197 
1934.2710709106077 25299.585347380744 
-332.7251324314607 15709.593800225726 
138452.60113538688 34544472.92263827 
12282.441221780573 5926879.543728657 
345.38215810683585 4424289.987617259 
42804.459745784574 -96598862.67417893 
328.1793001768692 -374485.7328061221 
1109.9181418035937 456041.34738993493 
-797.2196983895307 -3220084.7600044585 
-110.9486894274331 195542.45788405268 
-116.96808131359708 -521.4641130039689 
63166.35852382581 98532403.84352131 
516322.0516693661 -34218758.47726321 
59115.25178878423 166.85140459874387 