2387.05855970763 -998994.9400980554 
1115.143375233276 -725560.9661858343 
3538.8587442923726 -3639567.0462331264 
-16762.60526671413 2262905.342432239 
73494.62772487718 1661092.3789615764 
164.0599732732656 12295.594934966388 
1909.6600035236088 25308.20726469745 
165.81320008725436 15710.096411564416 
137076.02162535384 34556034.71324953 
12310.915716660342 5928921.049800177 
352.6002657214027 4425841.217094668 
43706.23642559604 -96632322.52190639 
140.46258793838095 -375255.5030299822 
1131.7071037588257 456196.13485515665 
-810.4459395061004 -3221193.579584935 
-231.1627450933227 195527.5535934449 
102.17294448988214 212.6574486001628 
62263.729363510705 98565969.60515006 
514945.47267695726 -34230320.41821023 
58968.903482996015 -83.34170095495375 