2439.6493512832926 -1000344.9883283812 
1156.402974430151 -726594.4738758393 
3594.2751682551643 -3644507.48837801 
-16909.338437738796 2265983.2175500495 
74070.28273099367 1663342.8250040126 
-268.66747780700575 12195.311914007656 
2008.1042730716008 25342.694933964267 
-368.3350133256477 15773.928051583078 
142582.339665486 34602281.875694565 
12424.813696179417 5937087.074086257 
367.03648095053643 4432046.135004305 
45509.78978521898 -96766161.91281624 
339.2214597203097 -375729.20778312685 
1175.2850276692898 456815.2847160435 
-810.4459395061004 -3225628.857906842 
160.9640555311267 195989.58660228612 
102.17294448988214 212.6574486001623 
62263.729363510705 98700232.65166505 
517698.6306617749 -34276568.181998305 
59261.60009457245 180.7510215739493 