2439.6493512832926 -1000690.5363873336 
1156.402974430151 -726859.0026298286 
3594.2751682551643 -3645772.0063079507 
-16909.338437738796 2266771.007014727 
74070.28273099367 1663918.832026779 
-191.39471868551743 12471.09022164418 
1958.8821382976034 25351.522135026607 
-344.59509272951993 15795.540339147827 
139829.18064541992 34614118.947034664 
12367.86470641988 5939177.187445194 
352.6002657214027 4433634.298516891 
43706.23642559604 -96800418.42358483 
361.30577880719073 -377002.28930720314 
1131.7071037588257 456973.75759710383 
-783.9934572729609 -3226764.0779535207 
249.69347757023573 196138.62950836393 
-92.61907844654384 -499.87230236855373 
64068.98768414091 98734597.59809448 
520451.7886465925 -34288405.407253586 
59554.29670614889 -236.23748768221333 