2387.05855970763 -1001365.5605024965 
1115.143375233276 -727375.7564748311 
3538.8587442923726 -3648242.2273803926 
-16835.971852226463 2268309.9445736324 
73782.45522793542 1665044.055047997 
24.96900685456573 12420.948711164734 
1909.6600035236056 25368.765969660017 
165.8132000872259 15817.152626712035 
137076.02162535384 34637242.528257184 
12367.86470641988 5943260.199588235 
352.6002657214027 4436736.7574717095 
43706.23642559604 -96867338.11903976 
361.30577880719073 -379489.23926121264 
1131.7071037588257 457283.33252754726 
-810.4459395061004 -3228981.717114474 
9.265366238456508 196108.82092714836 
-92.61907844654384 -499.87230236855385 
62263.729363510705 98801729.12135197 
517698.6306617749 -34311529.28914762 
59261.60009457245 -97.2413179301592 