2952.4095691460016 -1004921.4911091583 
1517.4244674028082 -730097.9419083265 
4023.7524539667997 -3661254.999101292 
-17477.929475459372 2276416.8477857225 
76013.11837663682 1670971.569177628 
77.77205892089755 12859.686927859831 
2192.687278474083 25459.60402710247 
-433.6197949649939 15977.736949417458 
147400.36795060168 34759054.25076867 
12524.474428258607 5964768.924270321 
363.427427143253 4453080.0680372715 
43255.348085690304 -97219861.51473981 
388.91117766579197 -382642.3365243318 
1033.6567749602816 458914.1290361332 
-698.0228900152573 -3240663.9234087826 
-172.4868369706861 196846.58331223353 
-396.9816142847092 -57.24018434253617 
75351.85218807972 99155368.39565484 
543165.3420213381 -34433342.59555371 
62261.74036323093 -104.19112641776186 