2439.6493512832926 -1005431.7771962159 
1156.402974430151 -730488.5832078224 
3594.2751682551643 -3663122.368602483 
-16982.70502325113 2277580.211297514 
74358.11023405191 1671822.1841996203 
241.33273239436724 12571.373242603133 
1958.882138297597 25472.639544950118 
-344.5950927295307 16009.652769420483 
139829.18064541992 34776534.57704998 
12424.813696179417 5967855.487021309 
352.6002657214027 4455425.379270974 
43706.23642559604 -97270449.61785157 
361.30577880719073 -384522.3522633747 
1131.7071037588257 459148.15294188506 
-783.9934572729609 -3242340.3530125986 
-202.54035088715855 197152.12126969305 
-92.61907844654384 -499.87230236855606 
64068.98768414091 99206116.6304983 
523204.94663141016 -34450823.14912837 
59846.993317725326 -236.23748768221333 