2952.4095691460016 -1007967.1356287623 
1517.4244674028082 -732429.4860423259 
4023.7524539667997 -3672400.401321 
-17477.929475459372 2283360.387486021 
76013.11837663682 1676048.4682852668 
-27.83404521154376 12759.403906901227 
2143.465143700082 25537.4065666971 
-409.87987436886556 16127.012516985562 
144647.2089305356 34863385.646998845 
12467.52543849907 5983191.086201418 
348.9912119141193 4467078.067369131 
41451.79472606737 -97521796.8073281 
90.77286999289876 -389629.4816332157 
990.0788510498176 460310.9016389672 
-671.5704077821177 -3250669.700099275 
-172.4868369706861 197576.8935520148 
406.5354803280475 -229.97466942586252 
77157.11050870993 99458259.43511425 
545918.5000061557 -34537675.34838514 
62554.436974807366 62.604277284703194 