2899.818777570339 -1008642.1597439252 
1476.164868205933 -732946.2398873284 
3968.336030004008 -3674870.622393442 
-17404.56288994704 2284899.3250449263 
75725.29087357857 1677173.6913064849 
188.52968032796923 12709.262396421791 
2094.2430089260843 25554.65040133021 
100.52841844776641 16148.62480454475 
141894.0499104695 34886509.228221364 
12467.52543849907 5987274.098344458 
348.9912119141193 4470180.52632395 
41451.79472606737 -97588716.50278303 
-85.90168270214892 -390162.3994805034 
990.0788510498176 460620.47656941065 
-698.0228900152573 -3252887.3392602284 
-143.86444276452195 197725.93645809262 
406.5354803280475 -229.97466942586263 
75351.85218807972 99525390.95837174 
543165.3420213381 -34560799.23027918 
62261.74036323093 201.6004470367574 