2360.763163919799 -1008814.9337734014 
1094.5135756348384 -733078.504264323 
3511.150532310977 -3675502.881358412 
-16946.021730494962 2285293.219777265 
74214.19648252279 1677461.694817868 
243.9084910315301 12496.160976884094 
1934.271070910594 25559.064001861305 
-154.675727960548 16146.363053521143 
138452.60113538688 34892427.763891414 
12453.288191059186 5988319.155023927 
359.81837333596957 4470974.608080243 
44608.01310540751 -97605844.75816733 
-323.3081128861194 -390325.2354893969 
1153.4960657140577 460699.7130099408 
-823.6721806226702 -3253454.9492835677 
-82.32629522126894 197897.3358000821 
-116.96808131359708 -521.4641130039731 
61361.1002031956 99542573.43158646 
519075.2096541837 -34566717.84290682 
59407.94840036067 0.05600089627881388 