2926.1141733581703 -1010675.2680907849 
1496.7946678043706 -734502.653253824 
3996.044241985404 -3682310.693004487 
-17514.61276821554 2289534.458406867 
76157.03212816594 1680562.7558822965 
-246.77352938849742 12734.33315166161 
2118.85407631308 25606.587188975176 
-89.39094632120833 16242.110513520054 
143270.62942050255 34956155.25261776 
12495.999933378838 5999571.742060996 
341.7731042995524 4479524.837223582 
40550.0180462559 -97790272.25218894 
422.0376562961135 -393892.82441151765 
968.2898890945855 461552.88677657954 
-684.7966488986875 -3259566.6572092907 
-52.27278130479649 198202.87375754162 
430.88448319510076 -208.38285879044875 
76254.48134839482 99727584.71294491 
547295.0789985645 -34630446.16026955 
62700.785280595584 -131.9903603681727 