2387.05855970763 -1013893.6866398652 
1115.143375233276 -736966.461764818 
3538.8587442923726 -3694088.3541891654 
-17056.07160876346 2296871.8928395044 
74645.93773711016 1685927.6585013184 
-268.6674778059476 12295.594934966264 
1958.8821382975857 25688.803329100887 
-344.59509272950976 16374.045989890308 
139829.18064541992 35066405.18451799 
12538.711675698492 6019038.960671562 
367.03648095053643 4494316.918311735 
45509.78978521898 -98109335.80016153 
-135.5914006476311 -397075.5282217084 
1175.2850276692898 463028.89581994375 
-836.89842173924 -3270140.0439231223 
-108.08645000681662 198553.12458682447 
102.17294448988214 212.65744860015417 
60458.4710428805 100047658.22561903 
523204.94663141016 -34740697.52572862 
59846.993317725326 69.55408577230594 