2926.1141733581703 -1014066.4606693414 
1496.7946678043706 -737098.7261418127 
3996.044241985404 -3694720.6131541356 
-17587.97935372787 2297265.7875718432 
76444.85963122419 1686215.6620127016 
-241.62201211351322 12834.616172620621 
2168.0762110870724 25693.216929631977 
-421.74983466689935 16384.852133668952 
146023.78844056863 35072323.72018804 
12609.897912897914 6020084.01735103 
370.64553475781986 4495111.0000680275 
44157.12476550177 -98126464.05554582 
101.81502953633924 -397179.1511364588 
1055.4457369155136 463108.1322604739 
-711.2491311318271 -3270707.6539464616 
-169.62459755006964 198724.52392881396 
430.88448319510076 -251.56648006128086 
74449.22302776462 100064840.69883375 
547295.0789985645 -34746616.13835626 
62700.785280595584 173.8012130863466 