2899.818777570339 -1015754.0209572486 
1476.164868205933 -738390.610754319 
3968.336030004008 -3700896.1658352404 
-17551.296060971705 2301113.1314691063 
76300.94587969506 1689028.7195657468 
222.01454261372132 12007.281249709236 
2094.2430089260747 25736.326516214718 
100.52841844772048 16469.793449880377 
141894.0499104695 35130132.673244335 
12581.423418018145 6030291.547708631 
348.9912119141193 4502867.147455074 
41451.79472606737 -98293763.29418314 
410.995496752673 -402656.362344694 
990.0788510498176 463882.0695865825 
-698.0228900152573 -3276251.7518488453 
219.63996365376335 198888.47112549955 
-396.9816142847092 -57.24018434254128 
75351.85218807972 100232669.50697748 
548671.6579909733 -34804425.843091354 
62847.1335863838 187.70083006155195 