2413.3539554954614 -1019993.0116804442 
1135.7731748317135 -741635.701864305 
3566.5669562737685 -3716408.566022301 
-17166.12148703196 2310777.2929253266 
75077.67899169752 1696094.8522287533 
-54.87951090379888 12270.524179726375 
1934.271070910579 25844.61369203565 
-332.7251324314522 16673.099736306787 
138452.60113538688 35275343.25770718 
12567.186170578261 6055931.891821174 
345.38215810683585 4522349.851010631 
42804.459745784574 -98714003.04837924 
372.34793835063124 -408326.0161088942 
1109.9181418035937 465826.12644145044 
-797.2196983895307 -3290177.997770309 
-110.94868942743304 199939.22361334812 
126.52194735693539 234.2492592355655 
63166.35852382581 100654239.48933853 
530087.8415934542 -34949638.31569974 
60578.73484666642 152.95178762353848 