2360.763163919799 -1020668.0357956071 
1094.5135756348384 -742152.4557093075 
3511.150532310977 -3718878.787094743 
-17092.754901519627 2312316.230484232 
75077.67899169752 1697220.0752499714 
-271.24323644309766 12270.524179726333 
1934.2710709105781 25861.857526668748 
-154.6757279605648 16681.644129061257 
138452.60113538688 35298466.8389297 
12624.135160337799 6060014.903964214 
359.81837333596957 4525452.309965449 
44608.01310540751 -98780922.74383417 
350.26361926375023 -410812.9660629037 
1153.4960657140577 466135.70137189387 
-823.6721806226702 -3292395.6369312624 
-199.67811146654208 200401.25662218934 
126.52194735693539 234.24925923556526 
61361.1002031956 100721371.01259603 
527334.6836086366 -34972762.19759378 
60286.03823508998 13.95561787148421 