2978.704964933833 -1021853.3459978277 
1538.0542670012458 -743059.8508538059 
4051.4606659481956 -3723216.377668376 
-17734.712524752536 2315018.5315549285 
77020.51463734068 1699195.9132931817 
80.34781755818827 12834.616172620736 
2168.076211087062 25892.136879149482 
-421.74983466689446 16748.240131410836 
146023.78844056863 35339070.74643353 
12666.846902657451 6067184.478858243 
356.20931952868614 4530900.08015397 
42353.571405878836 -98898430.54240085 
-372.9978308316016 -412160.06395465886 
1011.8678130050496 466679.3002080892 
-684.7966488986875 -3296289.705696032 
222.50220307437976 200214.95298959207 
-421.33061715176245 -35.64837370712938 
76254.48134839482 100839250.77069698 
552801.3949681998 -35013366.633062474 
63578.875115324896 20.905426359086903 