2387.05855970763 -1022701.1441424668 
1115.143375233276 -743708.8690758031 
3538.8587442923726 -3726318.857705788 
-17129.438194275794 2316951.3638461726 
74933.7652401684 1700609.139825783 
164.05997327275858 12295.594934966017 
1909.660003523577 25913.79431431367 
165.81320008701326 16780.65856274281 
137076.02162535384 35368112.863326095 
12595.66066545803 6072312.547680751 
352.6002657214027 4534796.620865081 
43706.23642559604 -98982478.49324007 
140.46258793838095 -412855.8178108401 
1131.7071037588257 467068.11157906277 
-810.4459395061004 -3299074.9548803247 
9.265366238456565 200505.5866564438 
102.17294448988214 212.6574486001493 
62263.729363510705 100923564.76716919 
528711.2626010454 -35042409.12758415 
60432.3865408782 -83.34170095495375 