2978.704964933833 -1024223.9664022689 
1538.0542670012458 -744874.6411428028 
4051.4606659481956 -3731891.5588156423 
-17808.07911026487 2320423.133696322 
77308.34214039892 1703147.5893796023 
-246.77352938790239 12734.333151661636 
2168.0762110870587 25952.6955841106 
-421.74983466689315 16855.296346505995 
146023.78844056863 35420278.56144118 
12723.795892416989 6081523.6286463 
356.20931952868614 4541795.620531011 
42353.571405878836 -99133446.13953422 
399.9533372092325 -413966.0633260229 
1011.8678130050496 467766.4978804798 
-684.7966488986875 -3304077.843225571 
-23.650387098632294 200766.41174207997 
430.88448319510076 -251.5664800612854 
76254.48134839482 101075010.2868989 
555554.5529530174 -35094575.50399987 
63578.875115324896 34.805043334292385 