2413.3539554954614 -1026084.3007196523 
1135.7731748317135 -746298.7901323037 
3566.5669562737685 -3738699.3704617172 
-17239.488072544293 2324664.3723259238 
75653.33399781401 1706248.6504440308 
161.48421463538176 12170.241158766996 
1983.4932056845678 26000.21877122361 
-356.4650530275685 16930.43674160671 
141205.76015545297 35484006.05016753 
12738.033139856874 6092776.215683369 
374.2545885651033 4550345.849674351 
46411.566465030446 -99317873.63355583 
151.50474748182143 -420346.2742199401 
1197.0739896245218 468619.6716471185 
-823.6721806226702 -3310189.551151294 
-110.94868942743304 201071.9496995395 
77.8239416228289 234.2492592355639 
61361.1002031956 101260021.56825735 
530087.8415934542 -35158303.8213626 
60871.431458242856 -125.04055188057004 