2439.6493512832926 -1026421.8127772338 
1156.402974430151 -746557.167054805 
3594.2751682551643 -3739934.480997938 
-17276.17136530046 2325433.8411053764 
75797.24774934314 1706811.2619546398 
53.302351865815744 12145.170403527201 
2008.1042730715658 26008.840688540007 
-368.3350133256259 16951.546417822025 
142582.339665486 35495567.84077879 
12709.558644977105 6094817.721754889 
367.03648095053643 4551897.07915176 
45509.78978521898 -99351333.48128329 
-312.26595334267887 -420316.6676728686 
1175.2850276692898 468774.45911234024 
-810.4459395061004 -3311298.3707317705 
-231.16274509332266 201086.85399014727 
-92.61907844654384 -499.87230236856465 
62263.729363510705 101293587.3298861 
531464.4205858631 -35169865.76230962 
61017.779764031075 194.65063854915465 