2978.704964933833 -1026594.58680671 
1538.0542670012458 -746689.4314317997 
4051.4606659481956 -3740566.7399629084 
-17808.07911026487 2325827.735837715 
77308.34214039892 1707099.265466023 
-2.0764588376545596 11932.068983989247 
2168.0762110870555 26013.25428907102 
-421.749834666888 16962.3525615989 
146023.78844056863 35501486.37644884 
12723.795892416989 6095862.778434358 
356.20931952868614 4552691.160908053 
42353.571405878836 -99368461.73666759 
-372.9978308316016 -419680.12691083044 
1011.8678130050496 468853.6955528704 
-684.7966488986875 -3311865.98075511 
-264.07849843041157 201407.29623821456 
-421.33061715176245 -35.648373707130744 
76254.48134839482 101310769.80310081 
555554.5529530174 -35175784.37493726 
63871.57172690133 20.905426359086903 