2952.4095691460016 -1036414.580482056 
1517.4244674028082 -754206.9695102884 
4023.7524539667997 -3776502.575088194 
-17918.128988533368 2348215.613182741 
77740.08339498629 1723468.5813223147 
111.25692120664583 12057.422760187288 
2143.465143700044 26264.111026229108 
-409.8798743688289 17411.687098164697 
144647.2089305356 35837879.42709073 
12809.219377056295 6155260.883658107 
348.9912119141193 4597824.551893627 
41451.79472606737 -100341983.97292852 
90.77286999289876 -434749.85937024513 
990.0788510498176 473357.27370765456 
-671.5704077821177 -3344127.3504537423 
-20.788147678015818 203255.42827357943 
406.5354803280475 -229.97466942587482 
77157.11050870993 102287373.62953721 
562437.4479150615 -35512181.799633846 
64310.61664426599 62.604277284703194 