452.8711577756062 625.868411268826 
1312.573398400025 131362.5127962583 
52517.05131114081 12669003.4587596 
153.43339636778185 185.37866066740557 
253.69398303413362 -745.8820881986334 
1089.1928031108832 68855.62801720231 
-145.01244760627867 92.54679268271136 
291.91542090858724 -499.65950623772414 
-114.48974389836887 -115.14568735884075 
-90.36655452767269 -806.0599359461432 
-161.53671726829103 6944.468120663692 
-112.50350543699236 -100.02442408122928 
649.8952661818553 -68864.41337789815 
-120485158.03116257 -1269713170230.1338 
28687238.724670112 1269713173852.0566 
-193.83689504616612 -64182.37493611752 
-1164.811442768206 32765.37129654885 
7434.126740230082 -62030.14208179582 
147.87522899929888 659.2803249142911 
-51531.842972980194 -66722.64042356108 