2413.3539554954614 -1041328.5953204145 
1135.7731748317135 -757968.8144652769 
3566.5669562737685 -3794485.1963476967 
-17459.58782908129 2359418.7121978668 
76228.9890039305 1731659.9370065392 
-188.81896004690378 12446.019466403279 
1934.2710709105504 26389.642036680965 
-332.7251324314603 17636.605672107304 
138452.60113538688 36006213.59277609 
12794.982129616412 6184984.239913691 
345.38215810683585 4620409.714404003 
42804.459745784574 -100829143.42257956 
328.1793001768692 -442166.2994116663 
1109.9181418035937 475610.90549296595 
-797.2196983895307 -3360271.2355361595 
-110.94868942743298 204335.98934264356 
-116.96808131359708 -521.4641130039867 
63166.35852382581 102776075.13515575 
541100.4735327248 -35680518.15413627 
61749.52129297217 166.85140459874387 