18.890396663120143 634.171661218767 
1312.573398400025 134667.259585819 
52517.05131114081 12760104.245791866 
132.68700604924453 144.00917456026662 
217.24371427709139 -675.0100406604457 
1108.8685821974045 72059.59607766007 
-171.97775655079352 99.96649556345751 
295.35523733206514 -639.7310244513106 
-133.6226618901874 -13.061970479688544 
274.40332506252105 -1117.3485552193763 
-79.90674303768988 6944.468120663692 
-109.98286683446696 -80.25482689099513 
649.8952661818556 -69455.33623811808 
-120485158.03116257 -1278415325604.7075 
28687238.724670112 1278415329249.4385 
-66.8106004447393 -66415.01803163537 
-1010.763495972041 33366.55461422673 
7279.825054644745 -62606.79009412394 
124.74953974529103 665.6550831709106 
-50092.61972865623 -66722.64042356108 