-407.34068072657004 628.6361589394857 
1331.0071187761575 137856.05034767583 
53958.196502042076 12848008.513980893 
112.66855709093863 104.0912484986275 
171.6838076582749 -685.9135987218424 
1128.5443612839258 75151.14420617194 
-197.99678514497285 107.12562247822254 
298.794099795278 -774.8892832520227 
-152.0865611422058 85.3589807264761 
-26.928314457471792 -786.6043972994072 
-1.1409784292148533 6944.468120663692 
-107.55801679207039 -61.15372589842893 
649.8952661818556 -70025.5249628917 
-120485158.03116257 -1286812142194.2085 
28687238.724670112 1286812145860.9473 
226.9377058210609 -67395.20280527727 
-1164.811442768206 33946.64378040713 
7434.126740230082 -63163.2048428616 
102.43533169162919 659.280320589419 
-51531.842972980194 -71517.3006029743 