-201.97479246603595 552.5229479005458 
1123.6277645446676 139450.44572860425 
40627.60348620534 12891960.648075407 
102.6593313399296 84.13228512780603 
148.90381611215855 -606.8625872297507 
1005.570741993168 76696.91827042788 
-211.00452227789938 110.70433655267897 
284.1786029218063 -842.4683945199357 
-161.3202128610612 134.5703280752662 
409.20958625142174 -830.3793594282262 
38.24190387502263 7084.373572468718 
-106.34556228888736 -51.60323076184829 
641.0351021254916 -70310.6193252785 
-200808755.0790954 -1291010550488.959 
200809233.57228243 1291010554166.7017 
8.61126197485825 -68021.43196621515 
-124.98780189409206 34236.688363497335 
6083.986991358387 -63441.412217230434 
91.27822229993711 727.8090497653321 
-34620.969852173635 -70718.1905730721 