2926.1141733581703 -1047255.1463315174 
1496.7946678043706 -762505.7901877691 
3996.044241985404 -3816173.149215862 
-18101.5454523142 2372930.21755135 
78459.6521526319 1741539.1272225908 
-107.6825629697408 11982.210494467514 
2168.076211087028 26541.038799079797 
-421.7498346668965 17883.639144935147 
146023.78844056863 36209233.13029523 
13008.540841214677 6220832.114383834 
370.64553475781986 4647648.565346606 
44157.12476550177 -101416682.41541298 
101.81502953633924 -449819.5918296598 
1055.4457369155136 478328.8996739425 
-711.2491311318271 -3379741.579360007 
-52.27278130479639 205625.21048021663 
430.88448319510076 -251.56648006129524 
74449.22302776462 103365473.92566054 
566567.184892288 -35883540.33147975 
64749.661561630644 173.8012130863466 