2952.4095691460016 -1049963.278793539 
1517.4244674028082 -764578.9573992672 
4023.7524539667997 -3826083.4408993493 
-18138.228745070366 2379104.288472196 
78891.39340721926 1746053.4148196205 
106.10540393187554 11906.998228748134 
2192.6872784740226 26610.21942135542 
-433.6197949649552 18011.80503622746 
147400.36795060168 36302002.73591415 
13037.015336094446 6237212.770243412 
363.427427143253 4660095.335201057 
43255.348085690304 -101685157.86027381 
-85.90168270214892 -457783.7529919045 
1033.6567749602816 479570.8848115548 
-698.0228900152573 -3388638.5364700225 
67.9412743610932 206340.61642939012 
406.5354803280475 -229.97466942588085 
75351.85218807972 103634799.2034912 
567943.7638846968 -35976311.14336416 
65188.7064789953 -90.2915094425565 