224.25664132337818 552.5228883849101 
1123.6277645446676 142639.23649046107 
40627.60348620534 12979864.916264435 
82.64087624619367 44.214357613501754 
103.34383185345189 -606.8625872844731 
1005.570741993168 79788.46639893975 
-237.01830822131376 117.86306674967614 
284.1786053142112 -977.6266179305659 
-179.78934754294457 232.99185250830885 
-130.01544020341439 -1034.6625171428138 
117.00766848349771 7196.297933912738 
-103.92065598540111 -32.50223037893009 
605.5944459000369 -70880.80805005212 
-154909556.76599094 -1299407367078.46 
154910034.94625247 1299407370778.2104 
-285.13704429093923 -68892.70732056351 
-124.98780189409206 34816.77752967774 
6083.986991358387 -63997.826965968095 
68.96386288567867 727.8090034908138 
-34620.969852173635 -73914.6306926809 