2387.05855970763 -1051148.5889957587 
1115.143375233276 -765486.3525437657 
3538.8587442923726 -3830421.0314729824 
-17569.63770734979 2381806.5895428928 
76660.73025851787 1748029.2528628309 
-273.81899508003136 12245.453424484978 
1909.6600035235388 26640.4987738351 
165.81320008694792 18065.33314376679 
137076.02162535384 36342606.64341798 
12937.354604015256 6244382.345137441 
352.6002657214027 4665543.105389577 
43706.23642559604 -101802665.65884049 
140.46258793838095 -457976.19554786955 
1131.7071037588257 480114.4836477501 
-810.4459395061004 -3392532.605234792 
-202.54035088715844 206675.9629680652 
102.17294448988214 212.6574486001372 
62263.729363510705 103752678.96159215 
545230.2105099512 -36016915.57883286 
62188.56621033682 -83.34170095495375 