2413.3539554954614 -1052161.1251685023 
1135.7731748317135 -766261.4833112694 
3566.5669562737685 -3834126.363081645 
-17679.68758561829 2384114.9958812506 
77092.47151310524 1749717.087394658 
22.393248217387367 12596.443997841758 
1983.4932056845328 26666.36452578383 
-356.46505302758385 18108.055107530574 
141205.76015545297 36377292.015251756 
13022.778088654562 6250506.863352001 
374.2545885651033 4670196.793821805 
46411.566465030446 -101903045.20202288 
328.1793001768692 -457206.42532400944 
1197.0739896245218 480578.84604341525 
-823.6721806226702 -3395859.063976222 
158.10181611051038 206690.86725867298 
-68.2700755794906 -521.4641130039915 
61361.1002031956 103853376.2464784 
546606.78950236 -36051601.40167391 
62334.91451612504 -111.14093490536456 