2439.6493512832926 -1052844.1852850358 
1156.402974430151 -766784.3889877601 
3594.2751682551643 -3836625.9915478067 
-17716.370878374455 2385672.254125381 
77236.38526463436 1750855.7059280335 
241.33273239372687 12571.373242601987 
1958.8821382975334 26683.81364416194 
-344.5950927295261 18150.777071294222 
139829.18064541992 36400690.877203114 
12994.303593774794 6254638.482782458 
352.6002657214027 4673336.1868118 
43706.23642559604 -101970761.56051894 
361.30577880719073 -459722.9818250905 
1131.7071037588257 480892.1063896973 
-783.9934572729609 -3398103.1036033775 
126.6171824837298 206854.81445535857 
-92.61907844654384 -499.87230236857636 
64068.98768414091 103921306.95453657 
550736.5264795865 -36075000.56787621 
62773.9594334897 -236.23748768221333 