2413.3539554954614 -1054531.7455729418 
1135.7731748317135 -768076.2736002663 
3566.5669562737685 -3842801.5442289114 
-17679.68758561829 2389519.598022644 
77380.29901616348 1753668.7634810787 
-271.243236442637 12270.524179724738 
1983.4932056845296 26726.923230743152 
-356.46505302758396 18215.111322608624 
141205.76015545297 36458499.83025941 
13079.7270784141 6264846.013140058 
374.2545885651033 4681092.3341988465 
46411.566465030446 -102138060.79915625 
151.50474748182143 -465466.6519569696 
1197.0739896245218 481666.04371580586 
-823.6721806226702 -3403647.201505761 
-82.32629522126877 207272.13459237645 
77.8239416228289 234.24925923555116 
61361.1002031956 104089135.7626803 
546606.78950236 -36132810.272611305 
62627.61112770147 -125.04055188057004 