2926.1141733581703 -1056737.6279492762 
1496.7946678043706 -769764.9513437566 
3996.044241985404 -3850873.873804927 
-18248.278623338865 2394548.6261169235 
79035.30715874839 1757345.8315682735 
108.68116256923605 11932.06898398783 
2168.076211087016 26783.273618917166 
-421.74983466690077 18311.864005249066 
146023.78844056863 36534064.39032586 
13122.438820733752 6278188.713536064 
370.64553475781986 4691230.726854771 
44157.12476550177 -102356744.80394645 
101.81502953633924 -464859.717742003 
1055.4457369155136 482677.6903635049 
-711.2491311318271 -3410894.1294781626 
-169.62459755006952 207518.05538740483 
430.88448319510076 -251.56648006129896 
74449.22302776462 104308511.99046819 
572073.5008619232 -36208375.81522932 
65335.05478478351 173.8012130863466 