2387.05855970763 -1058260.4502090772 
1115.143375233276 -770930.7234107563 
3538.8587442923726 -3856446.574914781 
-17716.370878374455 2398020.395967073 
77236.38526463436 1759884.2811220929 
-191.3947186842091 12471.090221642873 
1909.660003523532 26822.17488871307 
165.8132000869392 18386.501789000005 
137076.02162535384 36586230.08844095 
13051.252583534331 6287399.794501613 
352.6002657214027 4698229.726520701 
43706.23642559604 -102507712.4502406 
361.30577880719073 -469729.99473527155 
1131.7071037588257 483376.07666492194 
-810.4459395061004 -3415897.017823409 
160.96405553112686 207838.49763547213 
-92.61907844654384 -499.8723023685782 
62263.729363510705 104459957.5101979 
550736.5264795865 -36260542.19164503 
62773.95943348969 -97.2413179301592 