2413.3539554954614 -1059272.9863818209 
1135.7731748317135 -771705.8541782601 
3566.5669562737685 -3860151.9065234438 
-17753.05417113062 2400328.8023054306 
77668.12651922173 1761572.11565392 
133.15086962424328 12546.302487362076 
1983.4932056845273 26848.04064066145 
-356.465053027586 18429.22375276316 
141205.76015545297 36620915.460274726 
13136.676068173638 6293524.312716173 
374.2545885651033 4702883.414952929 
46411.566465030446 -102608091.99342299 
151.50474748182143 -472986.71491314116 
1197.0739896245218 483840.4390605871 
-823.6721806226702 -3419223.476564839 
12.127605659073097 208002.44483215772 
77.8239416228289 234.2492592355497 
61361.1002031956 104560654.79508413 
549359.9474871777 -36295228.01448609 
62920.30773927791 -125.04055188057004 