2439.6493512832926 -1059610.498439402 
1156.402974430151 -771964.2311007613 
3594.2751682551643 -3861387.0170596647 
-17789.737463886788 2401098.2710848833 
77812.04027075085 1762134.727164529 
241.33273239372355 12571.373242601849 
2008.1042730715258 26856.662557977543 
-368.33501332564407 18450.333428975493 
142582.339665486 36632477.250885986 
13108.201573293869 6295565.818787693 
367.03648095053643 4704434.644430338 
45509.78978521898 -102641551.84115045 
-312.26595334267887 -472957.1083660696 
1175.2850276692898 483995.2265258088 
-810.4459395061004 -3420332.2961453157 
-108.0864500068165 208017.3491227655 
-92.61907844654384 -499.8723023685784 
62263.729363510705 104594220.55671288 
550736.5264795865 -36306789.95543311 
63066.65604506613 194.65063854915465 