2926.1141733581703 -1060458.2965840406 
1496.7946678043706 -772613.2493227585 
3996.044241985404 -3864489.497097077 
-18248.278623338865 2403031.1033761273 
79035.30715874839 1763547.9536971303 
3.075058437130405 12082.493515426208 
2118.854076313019 26878.319993140587 
-89.39094632129742 18490.29103037722 
143270.62942050255 36661519.367778555 
13065.489830974215 6300693.887610202 
341.7731042995524 4708331.18514145 
40550.0180462559 -102725599.79198967 
377.86901812235146 -472853.4854513192 
968.2898890945855 484384.0378967824 
-684.7966488986875 -3423117.5453296085 
-141.00220334390536 208367.59995204836 
-421.33061715176245 -78.83199497797592 
76254.48134839482 104678534.55318509 
574826.6588467408 -36335832.449954785 
65627.75139635995 -118.0907433929673 