2413.3539554954614 -1062664.178960375 
1135.7731748317135 -774301.9270662488 
3566.5669562737685 -3872561.8266730923 
-17826.420756642954 2408060.131470407 
77668.12651922173 1767225.0217843251 
138.30238689897365 12546.302487362 
1934.2710709105304 26934.670381313626 
-332.725132431476 18600.111607814666 
138452.60113538688 36737083.927845 
13079.7270784141 6314036.588006208 
345.38215810683585 4718469.577797375 
42804.459745784574 -102944283.79677987 
372.34793835063124 -476006.5827144384 
1109.9181418035937 485395.68454448145 
-797.2196983895307 -3430364.47330201 
-110.94868942743292 208732.755071939 
126.52194735693539 234.2492592355486 
63166.35852382581 104897910.78097297 
554866.263456813 -36411397.9925728 
63213.004350854346 152.95178762353848 