2926.1141733581703 -1063849.4891625948 
1496.7946678043706 -775209.3222107473 
3996.044241985404 -3876899.4172467254 
-18321.645208851198 2410762.4325411036 
79610.96216486488 1769200.8598275355 
3.0750584371293965 11932.068983987572 
2168.076211087016 26964.949733792764 
-421.7498346669074 18633.03265047898 
146023.78844056863 36777687.83534883 
13236.336800252828 6321206.162900236 
370.64553475781986 4723917.347985895 
44157.12476550177 -103061791.59534656 
377.86901812235146 -480373.5484074908 
1055.4457369155136 485939.28338067676 
-711.2491311318271 -3434258.5420667795 
-17.925908257399342 209038.2930293985 
-421.33061715176245 -35.648373707146035 
74449.22302776462 105015790.53907393 
574826.6588467408 -36452002.428041495 
65920.44800793637 159.90159611114112 