2439.6493512832926 -1066722.3596527206 
1156.402974430151 -777408.601967752 
3594.2751682551643 -3887412.5605014632 
-17936.470634911453 2417312.0775090633 
78099.86777380909 1773989.755423791 
164.05997327266354 12195.311914005184 
2008.1042730715367 27038.33867285237 
-368.33501332565334 18771.502074203505 
142582.339665486 36876100.695908956 
13222.099552812944 6338583.268151865 
367.03648095053643 4737121.265561462 
45509.78978521898 -103346598.63255055 
339.2214597203097 -481010.0891695289 
1175.2850276692898 487256.81954298064 
-810.4459395061004 -3443696.7087339326 
-85.18853464188518 209731.34254266034 
102.17294448988214 212.65744860013186 
62263.729363510705 105301499.10531862 
556242.8424492218 -36550416.568245284 
63359.352656642564 180.7510215739493 