2413.3539554954614 -1069776.0401736936 
1135.7731748317135 -779746.2979332395 
3566.5669562737685 -3898587.370114891 
-17899.787342155287 2424273.937894587 
77955.95402227997 1779080.050043587 
243.9084910310747 12546.302487362 
1934.2710709105402 27116.346496188453 
-332.7251324314883 18921.28025304137 
138452.60113538688 36980707.37286797 
13136.676068173638 6357054.03737038 
345.38215810683585 4751156.198928499 
42804.459745784574 -103649330.58817998 
328.1793001768692 -487286.67714869574 
1109.9181418035937 488657.2775616533 
-797.2196983895307 -3453728.885890627 
-82.32629522126877 210357.32274818714 
-116.96808131359708 -521.4641130039969 
63166.35852382581 105605189.32957871 
557619.4214416306 -36655024.605384976 
63505.70096243078 166.85140459874387 