2952.4095691460016 -1071973.886548657 
1517.4244674028082 -781428.8238452417 
4023.7524539667997 -3906630.292297187 
-18505.06167263203 2429284.6453036414 
80042.70341945224 1782743.7226186246 
-138.59166661812623 12709.262396420483 
2143.465143700023 27172.49160061587 
-409.8798743688605 19017.530324340987 
144647.2089305356 37055996.65220558 
13264.811295132597 6370348.130478969 
348.9912119141193 4761257.657549247 
41451.79472606737 -103867217.92992905 
410.995496752673 -490410.1678647434 
990.0788510498176 489665.23879351374 
-671.5704077821177 -3460949.4133968265 
-172.48683697068594 210767.19073990113 
-396.9816142847092 -57.240184342563616 
77157.11050870993 105823766.37256591 
584462.7117936026 -36730314.86369473 
66652.18953687743 48.704660309497825 