2387.05855970763 -1074854.7930401538 
1115.143375233276 -783634.2554337345 
3538.8587442923726 -3917172.842945644 
-17936.470634911453 2435852.6109568262 
78099.86777380909 1787546.0137270375 
-273.8189950799655 12245.453424484385 
1909.6600035235351 27246.08582342007 
165.81320008690778 19135.89529452929 
137076.02162535384 37154684.793494545 
13222.099552812944 6387773.843018015 
352.6002657214027 4774498.509159991 
43706.23642559604 -104152821.63017417 
140.46258793838095 -495576.5103287274 
1131.7071037588257 490986.4603716562 
-810.4459395061004 -3470413.9805301814 
-113.81092884804933 211221.77160343845 
102.17294448988214 212.6574486001299 
62263.729363510705 106110274.12361129 
558996.0004340394 -36829004.28820678 
63652.049268219 -83.34170095495375 