2899.818777570339 -1075019.531068259 
1476.164868205933 -783760.3679792411 
3968.336030004008 -3917775.694516895 
-18431.695087119697 2436228.18500394 
79754.875916394 1787820.6217262633 
-249.34928802496594 12759.403906899759 
2094.243008926022 27250.294140205235 
100.52841844759314 19146.198826966065 
141894.0499104695 37160328.048435755 
13264.811295132597 6388770.292410066 
348.9912119141193 4775255.656881107 
41451.79472606737 -104169153.22251734 
-85.90168270214892 -495443.28086690546 
990.0788510498176 491062.0113963478 
-698.0228900152573 -3470955.190087319 
-172.4868369706859 211378.26665482015 
406.5354803280475 -229.97466942588858 
75351.85218807972 106126657.41202532 
581709.5538087849 -36834647.61652616 
66359.492925301 201.6004470367574 