2413.3539554954614 -1076887.901387012 
1135.7731748317135 -785190.6688002301 
3566.5669562737685 -3924612.9135566894 
-18046.520513179952 2440487.744318767 
78531.60902839646 1790935.078302849 
161.48421463528712 12320.665690203708 
1934.2710709105306 27298.022611061355 
-332.7251324314991 19242.44889826556 
138452.60113538688 37224330.81789094 
13250.574047692713 6400071.486734552 
345.38215810683585 4783842.820059623 
42804.459745784574 -104354377.37958008 
372.34793835063124 -498566.7715829531 
1109.9181418035937 491918.8705788251 
-797.2196983895307 -3477093.2984792436 
252.55571699085237 211788.13464653413 
126.52194735693539 234.24925923554508 
63166.35852382581 106312467.87818445 
563125.7374112658 -36898651.21819715 
64091.09418558366 152.95178762353848 