2387.05855970763 -1077900.4375597558 
1115.143375233276 -785965.7995677339 
3538.8587442923726 -3928318.2451653522 
-18009.837220423786 2442796.150657125 
78675.52277992558 1792622.9128346762 
-163.0613736731182 12295.594934963934 
1958.8821382975275 27323.888363009188 
-344.59509272955654 19264.56379715409 
139829.18064541992 37259016.18972472 
13335.99753233202 6406196.004949112 
367.03648095053643 4788496.50849185 
45509.78978521898 -104454756.92276247 
339.2214597203097 -502297.19651396736 
1175.2850276692898 492383.23297449027 
-836.89842173924 -3480419.757220674 
-108.08645000681645 211743.4217747108 
-92.61907844654384 -499.8723023685832 
60458.4710428805 106413165.1630707 
558996.0004340394 -36933337.04103821 
63944.74587979544 55.65446879710046 