2439.6493512832926 -1078575.4616749182 
1156.402974430151 -786482.5534127364 
3594.2751682551643 -3930788.466237794 
-18083.20380593612 2444335.08821603 
78963.35028298383 1793748.1358558943 
-191.39471868416945 12571.37324260145 
2008.104273071523 27341.132197641076 
-368.3350133256709 19306.783149577645 
142582.339665486 37282139.77094724 
13335.99753233202 6410279.0170921525 
367.03648095053643 4791598.967446669 
45509.78978521898 -104521676.6182174 
-312.26595334267887 -503037.3601907559 
1175.2850276692898 492692.8079049337 
-810.4459395061004 -3482637.3963816273 
-202.54035088715833 212235.26336476757 
-92.61907844654384 -499.8723023685833 
62263.729363510705 106480296.68632819 
561749.158418857 -36956460.922932245 
64237.442491371876 194.65063854915465 