2439.6493512832926 -1080946.0820793577 
1156.402974430151 -788297.3437017333 
3594.2751682551643 -3939463.6473850603 
-18156.57039144845 2449739.6903574234 
78963.35028298383 1797699.811942315 
-52.30375226628203 12145.170403525288 
2008.1042730715199 27401.690902598264 
-368.3350133256711 19413.83936465166 
142582.339665486 37363347.5859549 
13392.946522091557 6424618.16688021 
367.03648095053643 4802494.50782371 
45509.78978521898 -104756692.21535076 
339.2214597203097 -503570.27803804365 
1175.2850276692898 493780.0055773243 
-810.4459395061004 -3490425.5339111662 
-108.08645000681645 212414.11485206094 
102.17294448988214 212.65744860012882 
62263.729363510705 106716056.2025301 
564502.3164036747 -37037669.79386964 
64237.442491371876 180.7510215739493 