2360.763163919799 -1082304.1663110536 
1094.5135756348384 -789337.0032232264 
3511.150532310977 -3944433.4969236637 
-18046.520513179952 2452835.886160459 
78819.4365314547 1799963.6534969085 
-83.21285591470054 12496.160976882127 
1934.2710709105233 27436.38385560763 
-154.67572796064243 19465.10572116598 
138452.60113538688 37409870.029128775 
13364.472027211788 6432832.798453707 
359.81837333596957 4808736.359768524 
44608.01310540751 -104891328.26930174 
350.26361926375023 -508573.7844931342 
1153.4960657140577 494402.8408540498 
-823.6721806226702 -3494887.212699275 
40.74999986523731 212950.66931394106 
126.52194735693539 234.24925923554417 
61361.1002031956 106851118.43384577 
563125.7374112658 -37084192.84196597 
64091.09418558366 13.95561787148421 