2387.05855970763 -1082641.6783686348 
1115.143375233276 -789595.3801457277 
3538.8587442923726 -3945668.6074598846 
-18083.20380593612 2453605.3549399115 
78963.35028298383 1800526.2650075175 
24.96900685476863 12521.231732121902 
1958.8821382975211 27445.005772923567 
-344.5950927295575 19478.67622730212 
139829.18064541992 37421431.819740035 
13392.946522091557 6434874.304525227 
367.03648095053643 4810287.589245933 
45509.78978521898 -104924788.1170292 
339.2214597203097 -509817.25947013893 
1175.2850276692898 494557.6283192715 
-836.89842173924 -3495996.0322797517 
160.96405553112692 212965.57360454884 
-92.61907844654384 -499.872302368584 
60458.4710428805 106884684.19547452 
561749.158418857 -37095754.78291299 
64237.442491371876 55.65446879710046 