-384.08253873363776 473.63859590654124 
1487.6937419732833 173454.5508527684 
66207.93062470283 13829339.798854768 
-110.81090841276212 -186.94664594437947 
-164.74083067728932 -839.7731560724906 
1335.1400416923993 109664.06331355903 
-21.02981377784651 186.69119438684126 
341.78083748056855 -2283.746297639304 
-158.6250622540305 178.38799094357466 
290.57895363061243 -1011.3429289910599 
-162.96882207935647 3698.661638787111 
-80.48626549683412 152.09655614777142 
561.293625621764 -76390.90454530345 
-5737162.248401381 -1380551149211.5466 
-86060757.84040467 1380551153123.9727 
-58.871457001165396 -78667.32770202712 
1608.0515995627652 38555.71588260417 
8128.484325364097 -69374.81676513285 
-146.68036473802405 630.5994864757535 
-58008.347572438026 -34758.23922747312 