2926.1141733581703 -1082814.4523981109 
1496.7946678043706 -789727.6445227223 
3996.044241985404 -3946300.866424855 
-18615.11155090053 2453999.2496722504 
80762.27217709785 1800814.2685189007 
80.3478175581872 12784.474662139533 
2168.076211087007 27449.419373454344 
-421.74983466692936 19489.482371077196 
146023.78844056863 37427350.355410084 
13464.132759290978 6435919.361204696 
370.64553475781986 4811081.671002226 
44157.12476550177 -104941916.3724135 
377.86901812235146 -510453.8002321771 
1055.4457369155136 494636.86475980165 
-711.2491311318271 -3496563.642303091 
222.50220307437993 212794.17426255936 
-421.33061715176245 -35.64837370715013 
74449.22302776462 106901866.66868924 
585839.2907860114 -37101673.39554063 
67091.23445424206 159.90159611114112 