2952.4095691460016 -1083151.964455692 
1517.4244674028082 -789986.0214452236 
4023.7524539667997 -3947535.976961076 
-18651.794843656695 2454768.718451703 
80906.18592862698 1801376.8800295098 
188.52968032765565 12809.545417379306 
2192.687278474005 27458.04129077028 
-433.61979496498765 19510.592047288974 
147400.36795060168 37438912.146021344 
13435.65826441121 6437960.867276216 
363.427427143253 4812632.900479635 
43255.348085690304 -104975376.22014096 
-85.90168270214892 -510424.19368510554 
1033.6567749602816 494791.65222502337 
-698.0228900152573 -3497672.4618835677 
191.01756944759936 213271.11156200836 
406.5354803280475 -229.97466942589 
75351.85218807972 106935432.43031798 
587215.8697784202 -37113235.33648765 
67237.58276003027 -90.2915094425565 