2899.818777570339 -1084502.012686017 
1476.164868205933 -791019.5291352286 
3968.336030004008 -3952476.4191059596 
-18578.428258144362 2457846.5935695134 
80330.53092251049 1803627.326071946 
-105.10680433232797 12107.564270665622 
2094.243008926009 27492.52896003403 
100.52841844758115 19574.42368726266 
141894.0499104695 37485159.30846638 
13378.709274651672 6446126.891562296 
348.9912119141193 4818837.818389272 
41451.79472606737 -105109215.61105081 
-85.90168270214892 -510483.4067792486 
990.0788510498176 495410.8020859102 
-698.0228900152573 -3502107.7402054747 
-261.21625900979495 213420.15446808617 
406.5354803280475 -229.97466942589017 
75351.85218807972 107069695.47683297 
587215.8697784202 -37159483.100275725 
66944.88614845385 201.6004470367574 