2952.4095691460016 -1086197.608975294 
1517.4244674028082 -792317.565579223 
4023.7524539667997 -3958681.379180784 
-18725.161429169028 2461712.2581520015 
80906.18592862698 1806453.7791371485 
82.92357619555489 12809.545417379304 
2143.465143700004 27535.84383035883 
-409.8798743688751 19659.867614786494 
144647.2089305356 37543243.54225152 
13435.65826441121 6456383.029207313 
348.9912119141193 4826630.899811495 
41451.79472606737 -105277311.51272926 
410.995496752673 -512970.3567332581 
990.0788510498176 496188.4248278574 
-671.5704077821177 -3507678.23857406 
191.01756944759936 213882.18747692739 
-396.9816142847092 -57.24018434256623 
77157.11050870993 107238323.46977739 
592722.1857480555 -37217568.08931908 
67530.2793716067 48.704660309497825 