2899.818777570339 -1087218.1811494087 
1476.164868205933 -793098.8481782149 
3968.336030004008 -3962416.1181831663 
-18651.794843656695 2464038.9851755844 
80906.18592862698 1808155.009181133 
111.25692120660557 11957.139739226976 
2143.4651437000025 27561.914866051808 
-409.8798743688756 19682.48512501339 
144647.2089305356 37578204.19481414 
13492.607254170747 6462556.154709291 
363.427427143253 4831321.522278899 
43255.348085690304 -105378487.71895278 
388.91117766579197 -516730.3882113439 
1033.6567749602816 496656.47263936116 
-724.4753722483969 -3511031.097781692 
-172.48683697068589 213822.57031449626 
406.5354803280475 -229.9746694258906 
73546.59386744951 107339819.93946432 
587215.8697784202 -37252529.1964684 
67237.58276003027 -229.2876791946107 