2387.05855970763 -1087382.9191775138 
1115.143375233276 -793224.9607237214 
3538.8587442923726 -3963018.969754417 
-18156.57039144845 2464414.559222698 
79251.17778604207 1808429.6171803589 
58.45386914055668 12195.311914004831 
1958.8821382975148 27566.123182836895 
-344.5950927295616 19692.788657450088 
139829.18064541992 37583847.44975535 
13449.895511851095 6463552.604101342 
367.03648095053643 4832078.670000016 
45509.78978521898 -105394819.31129594 
339.2214597203097 -517337.3224263105 
1175.2850276692898 496732.0236640527 
-836.89842173924 -3511572.3073388296 
-231.16274509332248 213666.07526311456 
-92.61907844654384 -499.87230236858477 
60458.4710428805 107356203.22787835 
564502.3164036747 -37258172.524787776 
64530.13910294831 55.65446879710046 