2439.6493512832926 -1088403.4913516284 
1156.402974430151 -794006.2433227133 
3594.2751682551643 -3966753.7087567993 
-18229.936976960784 2466741.286246281 
79251.17778604207 1810130.8472243433 
-268.6674778052114 12195.311914004831 
1958.8821382975134 27592.194218529872 
-344.59509272956166 19756.620297423775 
139829.18064541992 37618808.10231797 
13392.946522091557 6469725.729603319 
352.6002657214027 4836769.29246742 
43706.23642559604 -105495995.51751946 
-135.5914006476311 -517337.3224263105 
1131.7071037588257 497200.07147555647 
-783.9934572729609 -3514925.1665464616 
37.88776044462089 214098.2996907402 
102.17294448988214 212.65744860012742 
64068.98768414091 107457699.69756527 
570008.6323733099 -37293133.631937094 
64822.83571452475 -222.33787070700797 