2387.05855970763 -1089078.5154667909 
1115.143375233276 -794522.9971677158 
3538.8587442923726 -3969223.9298292412 
-18156.57039144845 2468280.2238051863 
78963.35028298383 1811256.0702455614 
-80.63709727732864 12420.948711162802 
1909.660003523516 27609.438053161448 
165.81320008689391 19778.23258497392 
137076.02162535384 37641931.683540486 
13392.946522091557 6473808.7417463595 
352.6002657214027 4839871.751422239 
43706.23642559604 -105562915.21297438 
140.46258793838095 -518136.69919724215 
1131.7071037588257 497509.6464059999 
-810.4459395061004 -3517142.805707415 
249.69347757023596 214277.1511780336 
102.17294448988214 212.65744860012714 
62263.729363510705 107524831.22082277 
567255.4743884923 -37316257.51383113 
64530.13910294831 -83.34170095495375 