2899.818777570339 -1089588.8015538482 
1476.164868205933 -794913.6384672117 
3968.336030004008 -3971091.2993304324 
-18725.161429169028 2469443.587316978 
80906.18592862698 1812106.6852675537 
82.92357619555577 12709.262396420207 
2143.4651436999993 27622.473571007937 
-409.8798743688759 19789.54134008737 
144647.2089305356 37659412.009821795 
13492.607254170747 6476895.304497348 
363.427427143253 4842217.062655941 
43255.348085690304 -105613503.31608614 
-361.9556712881611 -517529.76498227555 
1033.6567749602816 497743.6703117518 
-724.4753722483969 -3518819.235311231 
67.94127436109332 214403.83764819973 
-396.9816142847092 -57.240184342567204 
73546.59386744951 107575579.45566623 
589969.0277632378 -37333738.06740579 
67237.58276003027 -215.3880622194052 