2952.4095691460016 -1090263.8256690106 
1517.4244674028082 -795430.3923122142 
4023.7524539667997 -3973561.5204028743 
-18798.52801468136 2470982.524875883 
81194.01343168522 1813231.9082887718 
216.86302533870446 11957.139739226976 
2192.6872784739953 27639.717405639512 
-433.61979496499123 19831.76069251091 
147400.36795060168 37682535.591044314 
13549.556243930285 6480978.316640388 
363.427427143253 4845319.521610759 
43255.348085690304 -105680423.01154107 
388.91117766579197 -518003.4697354202 
1033.6567749602816 498053.2452421952 
-698.0228900152573 -3521036.8744721846 
-172.48683697068589 214433.6462294153 
-396.9816142847092 -57.24018434256743 
75351.85218807972 107642710.97892372 
592722.1857480555 -37356861.94929983 
67530.2793716067 -104.19112641776186 