34.38878478905262 481.9422406756781 
1552.2117632897468 182962.94512448696 
71251.93879285723 14091454.344000233 
-170.50260123406505 -67.91875444214521 
-26.61045020420193 -801.3435288424894 
1404.0052684952238 118882.49773312171 
56.72718400884746 207.89139158737035 
353.8171246382177 -2686.7634561878263 
-103.34819939549094 119.35980870205127 
-26.890090779244794 -689.0683119537963 
71.89636693500954 3530.7750966211056 
-73.25076506268118 209.07550057423546 
614.4546099570638 -78091.1036521965 
-74585959.7180581 -1405588929587.5132 
-17211959.901359826 1405588933565.5625 
-66.81060041282268 -81716.79144214859 
-1626.9552831567003 38692.82786733772 
8359.936853742096 -71033.94437955056 
-213.21491715129113 621.0381756826354 
-60167.18243892397 -25168.918868646717 