2952.4095691460016 -1095005.0664778897 
1517.4244674028082 -799059.972890208 
4023.7524539667997 -3990911.8826974067 
-18871.894600193693 2481791.7291586697 
81481.84093474346 1821135.260461613 
-215.86442573915505 11957.139739226976 
2192.687278473989 27760.83481555177 
-433.61979496500237 20045.87312265806 
147400.36795060168 37844951.22105963 
13606.505233689822 6509656.616216503 
363.427427143253 4867110.602364842 
43255.348085690304 -106150454.2058078 
388.91117766579197 -525523.5326915942 
1033.6567749602816 500227.6405869764 
-698.0228900152573 -3536613.1495312625 
219.63996365376352 215312.99937527438 
-396.9816142847092 -57.24018434256902 
75351.85218807972 108114230.01132755 
595475.3437328731 -37519279.69117461 
67822.97598318312 -104.19112641776186 