2926.1141733581703 -1099408.7952291875 
1496.7946678043706 -802431.1765457005 
3996.044241985404 -4007027.134455718 
-18908.57789294986 2491831.464662004 
81625.75468627259 1828476.0011238453 
-30.40980384864368 12834.616172619078 
2168.0762110869846 27873.330308146764 
-421.7498346669463 20238.875876592883 
146023.78844056863 37995805.06046368 
13634.979728569591 6536293.409721098 
370.64553475781986 4887350.453641515 
44157.12476550177 -106587025.55234708 
101.81502953633924 -532540.284347563 
1055.4457369155136 502247.24846653594 
-711.2491311318271 -3551080.6050098636 
-169.6245975500694 216311.5868459957 
430.88448319510076 -251.56648006131053 
74449.22302776462 108552183.28210263 
596851.9227252819 -37670135.49210238 
67969.32428897133 173.8012130863466 