2413.3539554954614 -1102964.7258358467 
1135.7731748317135 -805153.3619791958 
3566.5669562737685 -4020039.9061766174 
-18413.353440741615 2499938.367874094 
79970.74654368768 1834403.5152534763 
27.544765492140936 12496.160976882125 
1934.271070910532 27964.168365579346 
-332.72513243152173 20420.067264075966 
138452.60113538688 38117616.78297517 
13535.318996490401 6557802.134403184 
345.38215810683585 4903693.764207077 
42804.459745784574 -106939548.94804713 
328.1793001768692 -539927.1178419269 
1109.9181418035937 503878.04497512185 
-797.2196983895307 -3562762.811304172 
-199.67811146654185 217317.62646202094 
-116.96808131359708 -521.4641130040058 
63166.35852382581 108905822.5564055 
576891.527335354 -37791948.798508465 
65554.57724346584 166.85140459874387 