2413.3539554954614 -1104314.7740661716 
1135.7731748317135 -806186.8696692009 
3566.5669562737685 -4024980.348321501 
-18486.720026253948 2503016.2429919043 
80258.57404674593 1836653.9612959125 
55.87811050319051 12170.241158764982 
1983.4932056845284 27998.65603484187 
-356.4650530276381 20463.291839175952 
141205.76015545297 38163863.945420206 
13649.216976009477 6565968.158689264 
374.2545885651033 4909898.682116714 
46411.566465030446 -107073388.33895698 
328.1793001768692 -539927.1178419269 
1197.0739896245218 504497.1948360087 
-823.6721806226702 -3567198.089626079 
252.55571699085243 217496.4779493143 
-68.2700755794906 -521.4641130040062 
61361.1002031956 109040085.60292049 
576891.527335354 -37838196.56229654 
65554.57724346584 -111.14093490536456 