2978.704964933833 -1104825.060153229 
1538.0542670012458 -806577.5109686968 
4051.4606659481956 -4026847.7178226924 
-19055.311063974525 2504179.6065036957 
82201.40969238908 1837504.5763179047 
-107.6825629696887 11932.068983987127 
2168.076211087014 28011.691552688124 
-421.74983466695335 20495.20765916257 
146023.78844056863 38181344.271701515 
13691.928718329129 6569054.721440253 
356.20931952868614 4912243.993350416 
42353.571405878836 -107123976.44206874 
399.9533372092325 -541807.1335809734 
1011.8678130050496 504731.2187417606 
-684.7966488986875 -3568874.519229895 
70.8035137817098 217682.78158191158 
430.88448319510076 -251.56648006131232 
76254.48134839482 109090833.83776395 
602358.2386949172 -37855677.1158712 
68554.71751212417 34.805043334292385 