2360.763163919799 -1106010.3703554487 
1094.5135756348384 -807484.9061131952 
3511.150532310977 -4031185.3083963254 
-18413.353440741615 2506881.9075743924 
80258.57404674593 1839480.414361115 
-83.21285591469092 12496.16097688206 
1934.271070910532 28041.97090516559 
-154.67572796067256 20535.66787190151 
138452.60113538688 38221948.17920534 
13649.216976009477 6576224.296334282 
359.81837333596957 4917691.763538937 
44608.01310540751 -107241484.24063542 
350.26361926375023 -546174.0992740341 
1153.4960657140577 505274.8175779559 
-823.6721806226702 -3572768.5879946644 
-199.67811146654185 217988.3195393711 
126.52194735693539 234.249259235537 
61361.1002031956 109208713.5958649 
576891.527335354 -37896281.551339895 
65554.57724346584 13.95561787148421 