2952.4095691460016 -1107533.1926152497 
1517.4244674028082 -808650.6781801949 
4023.7524539667997 -4036758.0095061795 
-19018.62777121836 2510353.6774245417 
82057.49594085995 1842018.8639149345 
111.2569212066082 12057.422760185977 
2143.465143700016 28080.87217495806 
-409.87987436889927 20623.373550447413 
144647.2089305356 38274113.87732043 
13663.45422344936 6585435.37729983 
348.9912119141193 4924690.763204867 
41451.79472606737 -107392451.88692957 
90.77286999289876 -547550.8037128635 
990.0788510498176 505973.2038793729 
-671.5704077821177 -3577771.4763399106 
191.0175694475994 218278.95320622282 
406.5354803280475 -229.97466942589722 
77157.11050870993 109360159.11559461 
603734.817687326 -37948447.92775561 
68701.06581791239 62.604277284703194 