2413.3539554954614 -1112447.2074536048 
1135.7731748317135 -812412.5231351834 
3566.5669562737685 -4054740.630765682 
-18560.08661176628 2521556.776439667 
80546.40154980417 1850210.219599159 
-188.81896004678288 12446.019466402508 
1934.271070910532 28206.40318539657 
-332.7251324315295 20848.292124368854 
138452.60113538688 38442448.043005794 
13649.216976009477 6615158.733555414 
345.38215810683585 4947275.9257152425 
42804.459745784574 -107879611.3365806 
328.1793001768692 -554967.2437542989 
1109.9181418035937 508226.8356646843 
-797.2196983895307 -3593915.361422328 
-82.32629522126865 219150.85420677802 
-116.96808131359708 -521.4641130040077 
63166.35852382581 109848860.62121315 
582397.8433049893 -38116784.282258034 
66139.97046661869 166.85140459874387 