2899.818777570339 -1113295.0055982433 
1476.164868205933 -813061.5413571806 
3968.336030004008 -4057843.110803094 
-19091.99435673069 2523489.6087309113 
82345.3234439182 1851623.4461317603 
82.92357619555843 12709.262396420158 
2143.465143700016 28228.06062055808 
-409.8798743689001 20860.103490820595 
144647.2089305356 38471490.15989836 
13777.352202968435 6620286.802377922 
363.427427143253 4951172.466426354 
43255.348085690304 -107963659.28741983 
-361.9556712881611 -555130.0797631927 
1033.6567749602816 508615.6470356579 
-724.4753722483969 -3596700.6106066206 
219.63996365376357 219039.07202721966 
-396.9816142847092 -57.24018434257396 
73546.59386744951 109933174.61768536 
603734.817687326 -38145826.77677971 
68701.06581791239 -215.3880622194052 