2439.6493512832926 -1114480.315800463 
1156.402974430151 -813968.936501679 
3594.2751682551643 -4062180.7013767273 
-18670.13649003478 2526191.909801608 
80978.14280439154 1853599.2841749706 
53.30235186582487 12245.453424484298 
1958.8821382975302 28258.339973035072 
-344.59509272958877 20934.238663230455 
139829.18064541992 38512094.06740219 
13734.640460648783 6627456.377271951 
352.6002657214027 4956620.236614875 
43706.23642559604 -108081167.08598651 
361.30577880719073 -557483.8002553848 
1131.7071037588257 509159.2458718532 
-783.9934572729609 -3600594.67937139 
-113.81092884804923 219404.2271471103 
-92.61907844654384 -499.8723023685925 
64068.98768414091 110051054.37578632 
586527.5802822157 -38186431.21224841 
66579.01538398332 -236.23748768221333 