-12.1080150164837 -154.67065794657861 
1662.8140855465415 205632.3485405964 
79898.80993826473 14716373.77785314 
-193.79682726045033 215.86146329220023 
212.5906358800695 -653.1156017031153 
1581.0872802739154 140860.5944285449 
242.1086134968668 245.63788119520424 
388.20651651721323 -3647.6153402809246 
28.466526922042213 -295.6207703494146 
-566.5875361763079 -1577.7648244177456 
-58.425170871714926 5769.262325501564 
-56.025167737623526 157.6585381542148 
791.6578910747338 -82144.62713265629 
-304081951.2835805 -1465282662069.2383 
212284033.22878993 1465282666203.7432 
226.93770581712664 -88904.81311529205 
1376.9796793685177 37300.61386850475 
8514.238539327418 -74989.54741148547 
-139.78349233613514 582.7929241438105 
-63045.628927571874 -34758.23922747312 