2387.05855970763 -1117525.960320065 
1115.143375233276 -816300.4806356784 
3538.8587442923726 -4073326.1035964354 
-18596.769904522447 2533135.4495019065 
80690.31530133329 1858676.1832826093 
164.05997327265527 12295.59493496385 
1909.6600035235338 28336.142512618768 
165.81320008685387 21062.90716585433 
137076.02162535384 38616425.46363237 
13734.640460648783 6645878.539203049 
352.6002657214027 4970618.235946734 
43706.23642559604 -108383102.3785748 
140.46258793838095 -563257.0769343465 
1131.7071037588257 510556.01847468724 
-810.4459395061004 -3610600.4560618824 
-113.81092884804922 220015.30306202933 
102.17294448988214 212.65744860011955 
62263.729363510705 110353945.41524573 
583774.4222973981 -38290763.96507984 
66286.3187724069 -83.34170095495375 