2413.3539554954614 -1120909.1168972482 
1135.7731748317135 -818890.401692179 
3566.5669562737685 -4085706.6163523644 
-18706.819782790946 2540848.4579816577 
81409.8840589789 1864315.6939008571 
161.48421463528754 12170.24115876497 
1983.4932056845284 28422.566969517662 
-356.46505302765934 21212.685344690224 
141205.76015545297 38732318.6504738 
13877.012935047627 6666342.207205666 
374.2545885651033 4986167.464756004 
46411.566465030446 -108718497.51889056 
151.50474748182143 -570747.5333434609 
1197.0739896245218 512107.578542743 
-823.6721806226702 -3621715.0523328516 
-228.30050567270595 220551.85752390945 
77.8239416228289 234.2492592355345 
61361.1002031956 110690402.21633388 
585151.0012898069 -38406658.658858284 
66725.36368977153 -125.04055188057004 