2978.704964933833 -1121419.4029843055 
1538.0542670012458 -819281.042991675 
4051.4606659481956 -4087573.9858535556 
-19275.410820511523 2542011.821493449 
83064.89220156381 1865166.3089228494 
-2.076458837589371 11932.068983987096 
2168.076211087014 28435.602487363452 
-421.74983466697256 21244.601164677068 
146023.78844056863 38749798.97675511 
13862.775687607742 6669428.769956655 
356.20931952868614 4988512.775989706 
42353.571405878836 -108769085.62200232 
-372.9978308316016 -570081.3860343499 
1011.8678130050496 512341.6024484949 
-684.7966488986875 -3623391.4819366676 
-141.0022033439052 220857.39548136896 
-421.33061715176245 -35.64837370715979 
76254.48134839482 110741150.45117734 
610617.7126493701 -38424139.21243294 
69725.50395842986 20.905426359086903 