2952.4095691460016 -1121756.9150418867 
1517.4244674028082 -819539.4199141762 
4023.7524539667997 -4088809.0963897766 
-19238.727527755356 2542781.2902729018 
82920.97845003469 1865728.9204334584 
-110.25832160705134 11957.139739226872 
2143.465143700016 28444.22440467878 
-409.8798743689157 21265.710840888838 
144647.2089305356 38761360.76736637 
13834.301192727973 6671470.276028175 
348.9912119141193 4990064.005467115 
41451.79472606737 -108802545.46972978 
90.77286999289876 -570110.9925814215 
990.0788510498176 512496.3899137166 
-671.5704077821177 -3624500.3015171443 
-20.78814767801559 220842.49119076118 
406.5354803280475 -229.9746694258996 
77157.11050870993 110774716.21280609 
611994.2916417789 -38435701.15337996 
69579.15565264165 62.604277284703194 