2387.05855970763 -1124637.8215333836 
1115.143375233276 -821744.851502669 
3538.8587442923726 -4099351.647038234 
-18743.503075547113 2549349.2559260866 
81265.97030744978 1870531.2115418713 
53.30235186582559 12345.736445443403 
1909.6600035235338 28517.818627476652 
165.81320008684554 21384.075811076265 
137076.02162535384 38860048.90865534 
13848.538440167858 6688895.988567221 
352.6002657214027 5003304.857077858 
43706.23642559604 -109088149.16997491 
361.30577880719073 -575010.876121771 
1131.7071037588257 513817.6114918591 
-810.4459395061004 -3633964.8686504993 
-79.46405580065218 221729.29648192416 
-92.61907844654384 -499.8723023685942 
62263.729363510705 111061223.96385147 
589280.7382670334 -38534390.57789201 
66871.71199555974 -97.2413179301592 