2899.818777570339 -1125148.107620441 
1476.164868205933 -822135.492802165 
3968.336030004008 -4101219.016539425 
-19238.727527755356 2550512.619437878 
83208.80595309293 1871381.8265638635 
-110.25832160705095 12057.422760185977 
2143.465143700016 28530.854145322217 
-409.8798743689166 21395.384566189714 
144647.2089305356 38877529.23493665 
13948.199172247048 6691982.55131821 
363.427427143253 5005650.1683115605 
43255.348085690304 -109138737.27308667 
388.91117766579197 -576890.8918608176 
1033.6567749602816 514051.63539761095 
-724.4753722483969 -3635641.2982543153 
102.28814740849043 221602.61001175802 
406.5354803280475 -229.97466942590015 
73546.59386744951 111111972.19869493 
609241.1336569613 -38551871.13146667 
69579.15565264165 -229.2876791946107 