2899.818777570339 -1129543.8003703677 
1476.164868205933 -825500.5446261694 
3968.336030004008 -4117304.860904017 
-19312.09411326769 2560534.034255987 
83208.80595309293 1878709.1717139385 
-138.5916666181004 12709.262396420158 
2094.24300892602 28643.144354165113 
100.52841844752459 21608.491773660957 
141894.0499104695 39028107.79361186 
13948.199172247048 6718570.737535387 
348.9912119141193 5025853.0855530575 
41451.79472606737 -109574511.95658481 
410.995496752673 -583137.8732929248 
990.0788510498176 516067.55786133185 
-698.0228900152573 -3650082.3532667146 
-49.41054188417974 222645.9103543027 
-396.9816142847092 -57.24018434257669 
75351.85218807972 111549126.28466932 
614747.4496265965 -38702451.648086175 
69871.85226421808 187.70083006155195 