2439.6493512832926 -1130729.1105725875 
1156.402974430151 -826407.9397706678 
3594.2751682551643 -4121642.45147765 
-18890.236246571778 2563236.3353266837 
82129.45281662451 1880685.0097571488 
241.33273239369947 12571.373242601388 
2008.1042730715267 28673.423706640755 
-368.33501332572735 21662.019881197964 
142582.339665486 39068711.70111569 
13962.436419686934 6725740.312429416 
367.03648095053643 5031300.855741578 
45509.78978521898 -109692019.7551515 
-312.26595334267887 -585758.0527087613 
1175.2850276692898 516611.15669752716 
-810.4459395061004 -3653976.422031484 
-85.18853464188501 222921.63973054665 
-92.61907844654384 -499.87230236859523 
62263.729363510705 111667006.04277028 
592033.896251851 -38743056.08355487 
67457.10521871259 194.65063854915465 