2360.763163919799 -1132087.1948042833 
1094.5135756348384 -827447.599292161 
3511.150532310977 -4126612.3010162534 
-18853.55295381561 2566332.531129719 
81697.71156203715 1882948.8513117423 
-160.48561503572873 12320.665690203627 
1934.2710709105386 28708.11665964646 
-154.6757279607056 21713.286237712284 
138452.60113538688 39115234.14428957 
13933.961924807165 6733954.944002913 
359.81837333596957 5037542.707686392 
44608.01310540751 -109826655.80910248 
-323.3081128861194 -585846.8723499761 
1153.4960657140577 517233.9919742526 
-823.6721806226702 -3658438.100819593 
129.47942190434645 223055.77834601668 
-116.96808131359708 -521.464113004011 
61361.1002031956 111802068.27408595 
590657.3172594422 -38789579.13165121 
67018.06030134796 0.05600089627881388 