2387.05855970763 -1132424.7068618645 
1115.143375233276 -827705.9762146622 
3538.8587442923726 -4127847.4115524744 
-18890.236246571778 2567101.999909172 
81841.62531356627 1883511.4628223514 
-268.6674778051901 12295.59493496385 
1958.8821382975393 28716.73857696149 
-344.595092729617 21726.856743848424 
139829.18064541992 39126795.93490083 
13962.436419686934 6735996.450074433 
367.03648095053643 5039093.937163801 
45509.78978521898 -109860115.65682994 
-135.5914006476311 -585077.1021261145 
1175.2850276692898 517388.77943947434 
-836.89842173924 -3659546.9204000696 
9.26536623845685 223040.8740554089 
102.17294448988214 212.65744860011705 
60458.4710428805 111835634.0357147 
592033.896251851 -38801141.07259823 
67164.40860713617 69.55408577230594 