2978.704964933833 -1133272.505006503 
1538.0542670012458 -828354.9944366594 
4051.4606659481956 -4130949.8915898865 
-19495.51057704852 2569034.832200416 
83928.37471073854 1884924.6893549527 
-25.258286573902037 12834.616172619038 
2168.076211087029 28738.396012121855 
-421.74983466698967 21779.882240047056 
146023.78844056863 39155838.0517934 
14033.622656886355 6741124.518896942 
356.20931952868614 5042990.477874912 
42353.571405878836 -109944163.60766916 
399.9533372092325 -586927.5113180894 
1011.8678130050496 517777.59081044793 
-684.7966488986875 -3662332.1695843623 
-264.0784984304113 223391.12488469176 
430.88448319510076 -251.56648006131707 
76254.48134839482 111919948.03218691 
618877.186603823 -38830183.567119904 
70310.89718158271 34.805043334292385 