2439.6493512832926 -1133445.2790359792 
1156.402974430151 -828487.2588136541 
3594.2751682551643 -4131582.1505548568 
-18963.60283208411 2569428.7269327547 
82129.45281662451 1885212.6928663359 
30.12052412951272 12571.373242601388 
1958.8821382975461 28742.809612652167 
-344.59509272962043 21790.688383822133 
139829.18064541992 39161756.587463446 
13962.436419686934 6742169.575576411 
352.6002657214027 5043784.559631205 
43706.23642559604 -109961291.86305346 
361.30577880719073 -587564.0520801288 
1131.7071037588257 517856.8272509781 
-783.9934572729609 -3662899.7796077016 
-202.5403508871582 223532.71564546568 
-92.61907844654384 -499.8723023685957 
64068.98768414091 111937130.50540163 
597540.2122214863 -38836102.179747544 
67749.80183028901 -236.23748768221333 