2952.4095691460016 -1133610.0170640843 
1517.4244674028082 -828613.3713591606 
4023.7524539667997 -4132185.0021261075 
-19458.827284292354 2569804.3009798685 
83784.46095920942 1885487.3008655617 
82.92357619555929 12809.545417379262 
2143.4651437000334 28747.017929436883 
-409.8798743689332 21800.991916258834 
144647.2089305356 39167399.842404656 
14005.148162006586 6743166.024968462 
348.9912119141193 5044541.707352322 
41451.79472606737 -109977623.45539662 
410.995496752673 -588170.9862950966 
990.0788510498176 517932.37827566965 
-671.5704077821177 -3663440.989164839 
-143.8644427645216 223376.22059408398 
-396.9816142847092 -57.24018434257737 
77157.11050870993 111953513.79381566 
620253.7655962318 -38841745.50806692 
70457.24548737092 48.704660309497825 