2387.05855970763 -1134795.327266304 
1115.143375233276 -829520.7665036591 
3538.8587442923726 -4136522.5926997405 
-18890.236246571778 2572506.602050565 
82129.45281662451 1887463.138908772 
58.453869140562134 12195.311914004746 
1958.8821382975566 28777.297281912255 
-344.5950927296203 21833.91295892244 
139829.18064541992 39208003.749908485 
14019.385409446471 6750335.599862491 
367.03648095053643 5049989.477540842 
45509.78978521898 -110095131.2539633 
339.2214597203097 -592537.9519881574 
1175.2850276692898 518475.97711186495 
-836.89842173924 -3667335.0579296085 
249.69347757023607 223741.37571397462 
-92.61907844654384 -499.8723023685959 
60458.4710428805 112071393.55191661 
592033.896251851 -38882349.94353562 
67457.10521871259 55.65446879710046 