2413.3539554954614 -1136153.411498 
1135.7731748317135 -830560.4260251522 
3566.5669562737685 -4141492.442238344 
-18926.919539327944 2575602.7978536007 
81985.53906509539 1889726.9804633656 
-188.81896004677793 12446.019466402508 
1934.2710709105586 28811.990234917932 
-332.72513243156345 21918.854275108424 
138452.60113538688 39254526.19308236 
13933.961924807165 6758550.231435988 
345.38215810683585 5056231.329485656 
42804.459745784574 -110229767.30791429 
328.1793001768692 -592567.558535229 
1109.9181418035937 519098.8123885904 
-797.2196983895307 -3671796.7367177173 
-234.0249845139388 223786.08858579796 
-116.96808131359708 -521.4641130040117 
63166.35852382581 112206455.78323229 
596163.6332290774 -38928872.991631955 
67603.4535245008 166.85140459874387 