2899.818777570339 -1136655.6615836862 
1476.164868205933 -830944.91549316 
3968.336030004008 -4143330.4043458155 
-19385.46069878002 2576747.840680167 
83496.63345615118 1890564.1999732004 
-27.834045211269995 12659.120885940605 
2094.2430089260456 28824.820469017664 
100.5284184475135 21929.660418883577 
141894.0499104695 39271731.23863483 
14005.148162006586 6761588.18689956 
348.9912119141193 5058539.7066841815 
41451.79472606737 -110279558.74798492 
-85.90168270214892 -593204.0992972683 
990.0788510498176 519329.1508785037 
-698.0228900152573 -3673446.7658553314 
-143.8644427645216 224106.53083386525 
406.5354803280475 -229.97466942590216 
75351.85218807972 112256404.83327506 
617500.6076114142 -38946078.26089835 
70164.5488757945 201.6004470367574 