2413.3539554954614 -1138524.0319024394 
1135.7731748317135 -832375.2163141491 
3566.5669562737685 -4150167.62338561 
-19000.286124840277 2581007.399994994 
82273.36656815364 1893678.6565497862 
-54.87951090363515 12270.524179724074 
1934.2710709105586 28872.548939867942 
-332.72513243156334 22025.910490183196 
138452.60113538688 39335734.00809002 
13990.910914566703 6772889.3812240455 
345.38215810683585 5067126.869862697 
42804.459745784574 -110464782.90504766 
372.34793835063124 -596327.590013322 
1109.9181418035937 520186.01006098103 
-797.2196983895307 -3679584.874247256 
6.403126817840444 224426.97308193255 
126.52194735693539 234.24925923553155 
63166.35852382581 112442215.2994342 
598916.7912138951 -39010081.86256935 
67896.15013607722 152.95178762353848 