2899.818777570339 -1139026.2819881258 
1476.164868205933 -832759.7057821569 
3968.336030004008 -4152005.5854930817 
-19458.827284292354 2582152.4428215604 
83784.46095920942 1894515.876059621 
-215.86442573914297 12057.422760185977 
2094.2430089260456 28885.379173967453 
100.5284184475135 22036.71663395835 
141894.0499104695 39352939.05364249 
14062.097151766124 6775927.336687617 
348.9912119141193 5069435.247061223 
41451.79472606737 -110514574.34511828 
410.995496752673 -598177.9992052969 
990.0788510498176 520416.3485508943 
-698.0228900152573 -3681234.9033848704 
-172.48683697068574 224568.56384270647 
-396.9816142847092 -57.24018434257828 
75351.85218807972 112492164.34947698 
620253.7655962318 -39027287.131835744 
70457.24548737092 187.70083006155195 