2413.3539554954614 -1139874.0801327643 
1135.7731748317135 -833408.7240041541 
3566.5669562737685 -4155108.065530494 
-19000.286124840277 2584085.2751128045 
82561.19407121188 1895929.1025922224 
-83.2128559146845 12596.443997841165 
1983.4932056845546 28907.036609127426 
-356.4650530276767 22069.13506528381 
141205.76015545297 39381981.17053506 
14104.808894085778 6781055.405510126 
374.2545885651033 5073331.787772334 
46411.566465030446 -110598622.2959575 
151.50474748182143 -600827.7851682049 
1197.0739896245218 520805.1599218679 
-823.6721806226702 -3684020.152569163 
-82.32629522126854 224859.1975095582 
77.8239416228289 234.24925923553127 
61361.1002031956 112576478.34594919 
596163.6332290774 -39056329.62635742 
67896.15013607722 -125.04055188057004 