2360.763163919799 -1143940.296826481 
1094.5135756348384 -836521.5507371454 
3511.150532310977 -4169988.2067525843 
-19000.286124840277 2593355.541836686 
82561.19407121188 1902707.2317438456 
133.15086962423806 12446.019466402508 
1934.2710709105586 29010.910184396787 
-154.67572796071656 22248.567313085186 
138452.60113538688 39521273.21932785 
14104.808894085778 6805650.6929432005 
359.81837333596957 5092020.409571598 
44608.01310540751 -111001733.79476932 
350.26361926375023 -606334.6029235222 
1153.4960657140577 522669.9803362057 
-823.6721806226702 -3697378.7884672876 
252.55571699085255 225589.50774933948 
126.52194735693539 234.24925923553064 
61361.1002031956 112980865.85509552 
598916.7912138951 -39195623.48633817 
67896.15013607722 13.95561787148421 