2439.6493512832926 -1147323.453403664 
1156.402974430151 -839111.471793646 
3594.2751682551643 -4182368.7195085133 
-19183.70258862111 2601068.550316437 
82992.93532579925 1908346.7423620934 
130.57511098686967 12621.51475308094 
2008.1042730715526 29097.334641289573 
-368.33501332574843 22411.413386720247 
142582.339665486 39637166.40616929 
14190.232378725084 6826114.360945818 
367.03648095053643 5107569.638380867 
45509.78978521898 -111337128.93508507 
339.2214597203097 -608851.1594246081 
1175.2850276692898 524221.54040426144 
-810.4459395061004 -3708493.3847382567 
132.34166132496293 226304.91369851297 
102.17294448988214 212.65744860011455 
62263.729363510705 113317322.65618367 
603046.5281911215 -39311518.180116616 
68335.19505344186 180.7510215739493 