2978.704964933833 -1147496.2274331402 
1538.0542670012458 -839243.7361706407 
4051.4606659481956 -4183000.9784734836 
-19715.61033358552 2601462.445048776 
84791.85721991328 1908634.7458734766 
185.95392169028435 12834.616172619038 
2168.0762110870396 29101.748241819725 
-421.74983466700485 22422.219530495477 
146023.78844056863 39643084.94183934 
14204.469626164968 6827159.417625287 
356.20931952868614 5108363.72013716 
42353.571405878836 -111354257.19046937 
399.9533372092325 -609487.7001866475 
1011.8678130050496 524300.7768447916 
-684.7966488986875 -3709060.994761596 
70.80351378170991 226476.31304050246 
430.88448319510076 -251.56648006131945 
76254.48134839482 113334505.12939839 
627136.6605582759 -39317436.79274426 
71188.98701631198 34.805043334292385 