2926.1141733581703 -1148171.2515483026 
1496.7946678043706 -839760.4900156432 
3996.044241985404 -4185471.1995459255 
-19642.243748073186 2603001.382607681 
84504.02971685503 1909759.9688946947 
108.68116256924071 12082.493515425753 
2118.8540763130436 29118.992076449154 
-89.39094632141484 22451.370988121675 
143270.62942050255 39666208.52306186 
14147.52063640543 6831242.429768327 
341.7731042995524 5111466.179091979 
40550.0180462559 -111421176.8859243 
422.0376562961135 -611974.6501406617 
968.2898890945855 524610.351775235 
-684.7966488986875 -3711278.6339225494 
-169.6245975500693 226476.31304050246 
430.88448319510076 -208.38285879048848 
76254.48134839482 113401636.65265588 
627136.6605582759 -39340560.67463829 
71188.98701631198 -131.9903603681727 