2926.1141733581703 -1149191.8237224172 
1496.7946678043706 -840541.7726146351 
3996.044241985404 -4189205.938548308 
-19642.243748073186 2605328.109631264 
84791.85721991328 1911461.1989386792 
-218.44018437651013 12032.3520049462 
2168.0762110870396 29145.063112138832 
-421.74983466700786 22487.056393146853 
146023.78844056863 39701169.175624475 
14261.418615924506 6837415.555270304 
370.64553475781986 5116156.801559383 
44157.12476550177 -111522353.09214781 
377.86901812235146 -615734.6816187548 
1055.4457369155136 525078.3995867388 
-711.2491311318271 -3714631.4931301815 
-17.925908257399115 226625.35594658027 
-421.33061715176245 -35.64837370716445 
74449.22302776462 113503133.12234281 
624383.5025734582 -39375521.78178761 
71188.98701631198 159.90159611114112 