2952.4095691460016 -1149529.3357799985 
1517.4244674028082 -840800.1495371363 
4023.7524539667997 -4190441.049084529 
-19678.927040829352 2606097.5784107167 
84935.7709714424 1912023.8104492882 
-244.19777075019138 12809.545417379262 
2192.6872784740376 29153.685029453398 
-433.6197949650659 22508.16606935893 
147400.36795060168 39712730.966235735 
14232.944121044737 6839457.061341824 
363.427427143253 5117708.031036792 
43255.348085690304 -111555812.93987527 
-85.90168270214892 -615705.0750716832 
1033.6567749602816 525233.1870519605 
-698.0228900152573 -3715740.312710658 
102.28814740849049 226610.4516559725 
406.5354803280475 -229.97466942590427 
75351.85218807972 113536698.88397156 
625760.0815658671 -39387083.72273463 
71335.33532210019 -90.2915094425565 