2387.05855970763 -1156130.9109062597 
1115.143375233276 -845853.879104631 
3538.8587442923726 -4214599.2230254505 
-19257.06917413344 2621148.0213231053 
83280.76282885749 1923028.223686558 
-268.66747780518824 12295.59493496385 
1958.8821382975566 29322.325626450664 
-344.5950927296458 22797.41889459827 
139829.18064541992 39938874.084977396 
14247.181368484622 6879387.947955008 
367.03648095053643 5148049.340934214 
45509.78978521898 -112210271.62816362 
-135.5914006476311 -622677.4169070446 
1175.2850276692898 528260.7561633805 
-836.89842173924 -3737428.295695459 
249.69347757023613 228138.14144327005 
102.17294448988214 212.65744860011307 
60458.4710428805 114193229.19773383 
605799.6861759392 -39613229.78197215 
68627.89166501828 69.55408577230594 