2413.3539554954614 -1156468.422963841 
1135.7731748317135 -846112.2560271323 
3566.5669562737685 -4215834.3335616905 
-19293.752466889608 2621917.490102558 
83424.67658038661 1923590.835197167 
-188.81896004677654 12596.443997841165 
1983.4932056845546 29330.94754376508 
-356.46505302770373 22818.528570810402 
141205.76015545297 39950435.875588655 
14275.65586336439 6881429.454026528 
374.2545885651033 5149600.570411623 
46411.566465030446 -112243731.47589108 
328.1793001768692 -622647.810359973 
1197.0739896245218 528415.5436286022 
-823.6721806226702 -3738537.1152759357 
129.4794219043465 228153.04573387784 
-68.2700755794906 -521.4641130040151 
61361.1002031956 114226794.95936258 
607176.265168348 -39624791.722919166 
68774.23997080649 -111.14093490536456 