2952.4095691460016 -1157316.2211084794 
1517.4244674028082 -846761.2742491295 
4023.7524539667997 -4218936.813599151 
-19825.660211854018 2623850.322393802 
85223.59847450064 1925004.0617297683 
82.92357619555953 12809.545417379262 
2143.4651437000416 29352.604978923908 
-409.8798743689623 22871.554067010176 
144647.2089305356 39979477.992481224 
14289.893110804274 6886557.522849036 
348.9912119141193 5153497.111122735 
41451.79472606737 -112327779.4267303 
410.995496752673 -625771.3010760266 
990.0788510498176 528804.3549995758 
-671.5704077821177 -3741322.3644602285 
-172.48683697068572 228354.25365708288 
-396.9816142847092 -57.24018434258135 
77157.11050870993 114311108.95583479 
634019.55552032 -39653834.21744084 
71920.72854525303 48.704660309497825 