161.9010096648036 240.8979755072892 
65.81540366341042 80.77805640315334 
-188.1978341728452 0.8027181405399036 
-203.99982329230428 238.5999648547924 
206.79685981954458 -16.37022839274683 
139.7857967633254 71.99169928642397 
-1.1996663744502187 210.89937463457855 
-38.990497363714915 -10.214526682658475 
100.91395000610726 -221.77377746114462 
-239.02039894306145 -88.13617417577562 
226.96071336489172 -125.19377694329928 
-15.003126250715697 -76.183063172907 
43.19028725356397 62.2881027542875 
231.02572582071068 152.85767914084863 
243.87017120436363 117.94174892380688 
107.7692609854008 -11.945471386804353 
154.91159536136857 -82.10777088199488 
-142.1010384892269 73.99705158686015 
174.8763187041841 -157.14582587921657 
64.04886722346565 3.8812740342612897 