2978.704964933833 -1159349.3294553377 
1538.0542670012458 -848317.6876156251 
4051.4606659481956 -4226376.884210311 
-19862.343504610184 2628485.4557557427 
85367.51222602976 1928393.12630558 
-213.28866710177377 11932.068983987096 
2168.0762110870396 29404.541766555943 
-421.74983466702304 22957.500605874266 
146023.78844056863 40049124.01687762 
14318.367605684043 6898855.166565574 
356.20931952868614 5162841.422022367 
42353.571405878836 -112529335.17613621 
-372.9978308316016 -630241.889683838 
1011.8678130050496 529736.7652067447 
-684.7966488986875 -3748001.6824092907 
188.1553300269831 228980.2338626097 
-421.33061715176245 -35.64837370716616 
76254.48134839482 114513302.71040796 
632642.9765279111 -39723481.14743122 
72067.07685104125 20.905426359086903 