2413.3539554954614 -1161209.66377272 
1135.7731748317135 -849741.836605126 
3566.5669562737685 -4233184.695856491 
-19367.11905240194 2632726.6943853446 
83712.50408344486 1931494.1873700083 
243.90849103106703 12496.16097688206 
1983.4932056845546 29452.06495365726 
-356.46505302771413 23032.641000963045 
141205.76015545297 40112851.50560397 
14332.604853123928 6910107.753602643 
374.2545885651033 5171391.651165706 
46411.566465030446 -112713762.67015782 
328.1793001768692 -630167.873316159 
1197.0739896245218 530589.9389733834 
-823.6721806226702 -3754113.3903350136 
-82.32629522126848 229255.96323885364 
-68.2700755794906 -521.4641130040159 
61361.1002031956 114698313.99176641 
609929.4231531656 -39787209.46479395 
69066.93658238291 -111.14093490536456 