2439.6493512832926 -1161547.1758303011 
1156.402974430151 -850000.2135276273 
3594.2751682551643 -4234419.806392731 
-19403.802345158107 2633496.1631647972 
83856.41783497398 1932056.7988806174 
164.05997327265513 12195.311914004746 
2008.1042730715526 29460.68687097152 
-368.335013325772 23053.750677175278 
142582.339665486 40124413.29621523 
14361.079348003697 6912149.259674163 
367.03648095053643 5172942.880643115 
45509.78978521898 -112747222.51788528 
339.2214597203097 -631411.3482931661 
1175.2850276692898 530744.7264386051 
-810.4459395061004 -3755222.2099154904 
37.887760444621115 229241.05894824586 
102.17294448988214 212.65744860011216 
62263.729363510705 114731879.75339516 
611306.0021455744 -39798771.40574097 
69213.28488817113 180.7510215739493 