2439.6493512832926 -1161892.7238892533 
1156.402974430151 -850264.7422816167 
3594.2751682551643 -4235684.324322691 
-19403.802345158107 2634283.952629475 
83856.41783497398 1932632.8059033838 
53.30235186582618 12245.453424484298 
1958.8821382975566 29469.514072031358 
-344.59509272965965 23075.362964725897 
139829.18064541992 40136250.36755533 
14304.13035824416 6914239.3730331 
352.6002657214027 5174531.044155701 
43706.23642559604 -112781479.02865387 
361.30577880719073 -632684.4298172449 
1131.7071037588257 530903.1993196654 
-783.9934572729609 -3756357.429962169 
160.96405553112714 229211.2503670303 
-92.61907844654384 -499.87230236860046 
64068.98768414091 114766244.69982459 
614059.1601303921 -39810608.63099625 
69505.98149974755 -236.23748768221333 