2413.3539554954614 -1163580.2841771594 
1135.7731748317135 -851556.6268941229 
3566.5669562737685 -4241859.877003891 
-19367.11905240194 2638131.296526738 
84000.3315865031 1935445.863456429 
-83.21285591468381 12596.443997841165 
1983.4932056845546 29512.623658602657 
-356.46505302771953 23139.697216039367 
141205.76015545297 40194059.320611626 
14389.553842883466 6924446.9033907 
374.2545885651033 5182287.191542747 
46411.566465030446 -112948778.26729119 
151.50474748182143 -638428.099949135 
1197.0739896245218 531677.136645774 
-823.6721806226702 -3761901.5278645526 
-228.30050567270584 229345.38898250033 
77.8239416228289 234.2492592355273 
61361.1002031956 114934073.50796832 
609929.4231531656 -39868418.33573134 
69359.63319395934 -125.04055188057004 