2360.763163919799 -1167646.500870876 
1094.5135756348384 -854669.4536271142 
3511.150532310977 -4256740.018226212 
-19367.11905240194 2647401.5632506195 
84000.3315865031 1942223.9926080522 
133.15086962423743 12446.019466402508 
1934.2710709105586 29616.497233863436 
-154.67572796076175 23319.129463844358 
138452.60113538688 40333351.36940442 
14389.553842883466 6949042.190823775 
359.81837333596957 5200975.8133420115 
44608.01310540751 -113351889.766103 
350.26361926375023 -643934.9177044523 
1153.4960657140577 533541.9570601118 
-823.6721806226702 -3775260.163762677 
40.749999865237534 230537.73223112282 
126.52194735693539 234.24925923552667 
61361.1002031956 115338461.01711465 
612682.5811379832 -40007712.19571209 
69359.63319395934 13.95561787148421 