2413.3539554954614 -1168321.5249860385 
1135.7731748317135 -855186.2074721167 
3566.5669562737685 -4259210.239298692 
-19440.485637914273 2648940.5008095247 
84288.15908956135 1943349.2156292703 
161.4842146352865 12170.24115876497 
1983.4932056845546 29633.741068491643 
-356.4650530277288 23353.809646193276 
141205.76015545297 40356474.95062694 
14446.502832643004 6953125.202966815 
374.2545885651033 5204078.27229683 
46411.566465030446 -113418809.46155792 
151.50474748182143 -645948.162905321 
1197.0739896245218 533851.5319905552 
-823.6721806226702 -3777477.8029236305 
252.5557169908526 230686.77513720063 
77.8239416228289 234.24925923552655 
61361.1002031956 115405592.54037215 
612682.5811379832 -40030836.07760613 
69652.32980553576 -125.04055188057004 