2899.818777570339 -1170189.8953047916 
1476.164868205933 -856616.5082931058 
3968.336030004008 -4266047.458338592 
-19972.393382878683 2653200.0601243516 
85799.25348061713 1946463.672205856 
-138.59166661809815 12809.545417379262 
2143.4651437000416 29681.469539336922 
-409.87987436898766 23429.452652621003 
144647.2089305356 40420477.72008213 
14460.740080082887 6964426.397291301 
363.427427143253 5212665.435475346 
43255.348085690304 -113604033.61862066 
-361.9556712881611 -645370.8352374248 
1033.6567749602816 534708.3911730326 
-724.4753722483969 -3783615.911315555 
-138.13996392328866 231037.0259664835 
-396.9816142847092 -57.24018434258351 
73546.59386744951 115591403.00653128 
636772.7135051376 -40094839.67927712 
72213.42515682946 -215.3880622194052 