2387.05855970763 -1170354.6333328967 
1115.143375233276 -856742.6208386123 
3538.8587442923726 -4266650.309909852 
-19477.16893067044 2653575.6341714654 
84144.24533803223 1946738.280205082 
-85.78861455205192 12571.373242601388 
1958.8821382975566 29685.677856121114 
-344.59509272967625 23439.756185058002 
139829.18064541992 40426120.97502334 
14418.028337763235 6965422.846683352 
367.03648095053643 5213422.583196462 
45509.78978521898 -113620365.21096383 
-135.5914006476311 -645237.6057756026 
1175.2850276692898 534783.9421977241 
-836.89842173924 -3784157.1208726927 
-79.46405580065206 231193.5210178652 
102.17294448988214 212.65744860011068 
60458.4710428805 115607786.29494531 
614059.1601303921 -40100483.0075965 
69505.98149974755 69.55408577230594 