2926.1141733581703 -1171877.4555926977 
1496.7946678043706 -857908.392905612 
3996.044241985404 -4272223.011019792 
-20009.07667563485 2657047.4040216147 
85943.16723214625 1949276.7297589013 
108.6811625692404 12082.493515425753 
2118.8540763130436 29724.579125906694 
-89.39094632146069 23521.933138884982 
143270.62942050255 40478286.673138425 
14432.265585203118 6974633.927648901 
341.7731042995524 5220421.582862392 
40550.0180462559 -113771332.85725798 
422.0376562961135 -649574.9649215918 
968.2898890945855 535482.3284991411 
-684.7966488986875 -3789160.009217939 
70.80351378170997 231454.34610350136 
430.88448319510076 -208.38285879049246 
76254.48134839482 115759231.81467502 
640902.450482364 -40152649.384012215 
72652.47007419409 -131.9903603681727 