2413.3539554954614 -1174083.337969032 
1135.7731748317135 -859597.0706491023 
3566.5669562737685 -4280295.340595933 
-19513.852223426606 2662076.4321158943 
84288.15908956135 1952953.797846096 
27.544765492144812 12496.16097688206 
1934.2710709105586 29780.92951406525 
-332.72513243162535 23631.75371632402 
138452.60113538688 40553851.23320487 
14389.553842883466 6987976.628044907 
345.38215810683585 5230559.975518317 
42804.459745784574 -113990016.86204818 
328.1793001768692 -652728.062184717 
1109.9181418035937 536493.9751468402 
-797.2196983895307 -3796406.9371903404 
158.10181611051073 231700.26689852975 
-116.96808131359708 -521.464113004018 
63166.35852382581 115978608.0424629 
618188.8971076185 -40228214.92663023 
69945.02641711218 166.85140459874387 