2926.1141733581703 -1175268.6481712519 
1496.7946678043706 -860504.4657936008 
3996.044241985404 -4284632.931169633 
-20082.443261147182 2664778.733186591 
86230.9947352045 1954929.6358893064 
108.6811625692402 11932.068983987096 
2168.0762110870396 29811.208866536348 
-421.74983466704975 23664.67475898881 
146023.78844056863 40594455.1407087 
14546.163564722194 6995146.202938936 
370.64553475781986 5236007.745706838 
44157.12476550177 -114107524.66061486 
101.81502953633924 -652861.2916465392 
1055.4457369155136 537037.5739830355 
-711.2491311318271 -3800301.00595511 
-52.27278130479605 232005.80485598926 
430.88448319510076 -251.5664800613241 
74449.22302776462 116096487.80056386 
640902.450482364 -40268819.362098925 
72652.47007419409 173.8012130863466 