2439.6493512832926 -1176116.4463158904 
1156.402974430151 -861153.484015598 
3594.2751682551643 -4287735.411207093 
-19623.902101695105 2666711.565477835 
84719.90034414871 1956342.8624219077 
-163.0613736730951 12195.311914004746 
1958.8821382975611 29832.866301693626 
-344.59509272967824 23717.700255189353 
139829.18064541992 40623497.25760127 
14474.977327522773 7000274.271761444 
352.6002657214027 5239904.286417949 
43706.23642559604 -114191572.61145408 
361.30577880719073 -655244.6186858029 
1131.7071037588257 537426.3853540091 
-783.9934572729609 -3803086.2551394026 
-202.5403508871581 232326.24710405656 
-92.61907844654384 -499.87230236860285 
64068.98768414091 116180801.79703607 
622318.634084845 -40297861.8566206 
70384.07133447682 -236.23748768221333 