2439.6493512832926 -1178141.5186613777 
1156.402974430151 -862703.7455506055 
3594.2751682551643 -4295146.074424533 
-19623.902101695105 2671328.3781545507 
85007.72784720696 1959718.531485562 
241.33273239369737 12571.373242601388 
2008.1042730715703 29884.597805575915 
-368.33501332578703 23803.14418271649 
142582.339665486 40692868.00126883 
14531.92631728231 7012523.308190565 
367.03648095053643 5249211.663282405 
45509.78978521898 -114392331.69781886 
-312.26595334267887 -660958.6822706214 
1175.2850276692898 538355.1101453394 
-810.4459395061004 -3809739.172622263 
9.265366238456963 232564.71575378106 
-92.61907844654384 -499.8723023686032 
62263.729363510705 116382196.36680855 
619565.4761000273 -40367233.50230271 
70384.07133447682 194.65063854915465 