2439.6493512832926 -1178487.06672033 
1156.402974430151 -862968.2743045948 
3594.2751682551643 -4296410.592354493 
-19623.902101695105 2672116.1676192284 
84719.90034414871 1960294.5385083284 
164.0599732726545 12295.59493496385 
1958.8821382975766 29893.425006635127 
-344.59509272967244 23824.756470267574 
139829.18064541992 40704705.072608925 
14474.977327522773 7014613.421549502 
352.6002657214027 5250799.82679499 
43706.23642559604 -114426588.20858745 
-135.5914006476311 -660218.5185938315 
1131.7071037588257 538513.5830263997 
-783.9934572729609 -3810874.3926689415 
-113.81092884804906 232594.52433499662 
102.17294448988214 212.65744860010932 
64068.98768414091 116416561.31323798 
622318.634084845 -40379070.727557994 
70384.07133447682 -222.33787070700797 