2952.4095691460016 -1178651.804748435 
1517.4244674028082 -863094.3868501014 
4023.7524539667997 -4297013.443925753 
-20119.12655390335 2672491.741666342 
86374.90848673362 1960569.1465075542 
111.25692120660842 12057.422760185977 
2143.465143700063 29897.63332341917 
-409.87987436898396 23835.06000270472 
144647.2089305356 40710348.327550136 
14517.689069842425 7015609.870941553 
348.9912119141193 5251556.974516107 
41451.79472606737 -114442919.80093062 
90.77286999289876 -660351.7480556536 
990.0788510498176 538589.1340510913 
-671.5704077821177 -3811415.602226079 
-172.48683697068566 232751.01938637832 
406.5354803280475 -229.97466942590916 
77157.11050870993 116432944.60165201 
645032.1874595905 -40384714.05587737 
73091.51499155872 62.604277284703194 