2413.3539554954614 -1178824.5787779111 
1135.7731748317135 -863226.6512270961 
3566.5669562737685 -4297645.702890733 
-19587.21880893894 2672885.636398681 
84575.98659261959 1960857.1500189374 
55.87811050319405 12320.665690203627 
1934.271070910581 29902.046923948776 
-332.72513243161467 23845.86614648026 
138452.60113538688 40716266.863220185 
14446.502832643004 7016654.927621022 
345.38215810683585 5252351.0562724 
42804.459745784574 -114460048.05631492 
328.1793001768692 -660248.125140903 
1109.9181418035937 538668.3704916214 
-797.2196983895307 -3811983.2122494183 
-234.02498451393868 232579.62004438884 
-116.96808131359708 -521.4641130040188 
63166.35852382581 116450127.07486673 
620942.0550924361 -40390632.66850501 
70237.7230286886 166.85140459874387 