2899.818777570339 -1179326.8288635975 
1476.164868205933 -863611.1406951039 
3968.336030004008 -4299483.664998233 
-20045.759968391016 2674030.6792252474 
86087.08098367538 1961694.3695287723 
-105.10680433231276 12107.564270665529 
2094.243008926072 29914.877158046467 
100.52841844745733 23856.672290255803 
141894.0499104695 40733471.908772655 
14517.689069842425 7019692.883084593 
348.9912119141193 5254659.433470925 
41451.79472606737 -114509839.49638554 
-85.90168270214892 -660884.6659029424 
990.0788510498176 538898.7089815347 
-698.0228900152573 -3813633.2413870324 
-143.8644427645215 232900.06229245613 
406.5354803280475 -229.97466942590927 
75351.85218807972 116500076.1249095 
642279.0294747729 -40407837.93777141 
72798.8183799823 201.6004470367574 