2926.1141733581703 -1182380.5093845704 
1496.7946678043706 -865948.8366605914 
3996.044241985404 -4310658.474611834 
-20155.809846659515 2680992.539610771 
86806.64974132099 1966784.6641485684 
3.075058437147692 11932.068983987096 
2168.076211087086 29992.884981359704 
-421.74983466703685 23985.843404223935 
146023.78844056863 40838078.58573167 
14660.061544241269 7038163.652303108 
370.64553475781986 5268694.366837962 
44157.12476550177 -114812571.45201497 
377.86901812235146 -668375.1223120568 
1055.4457369155136 540299.1670002074 
-711.2491311318271 -3823665.4185437267 
-141.00220334390502 233496.23391676738 
-421.33061715176245 -35.64837370717002 
74449.22302776462 116803766.3491696 
643655.6084671817 -40512445.9749111 
73237.86329734694 159.90159611114112 