2952.4095691460016 -1182718.0214421516 
1517.4244674028082 -866207.2135830927 
4023.7524539667997 -4311893.585148074 
-20192.49313941568 2681762.0083902236 
86950.56349285011 1967347.2756591775 
-105.10680433231282 11906.99822874732 
2192.687278474086 30001.506898673204 
-433.6197949650924 24006.95308043663 
147400.36795060168 40849640.37634293 
14631.5870493615 7040205.158374628 
363.427427143253 5270245.596315371 
43255.348085690304 -114846031.29974243 
-85.90168270214892 -668345.5157649852 
1033.6567749602816 540453.9544654291 
-698.0228900152573 -3824774.2381242034 
-20.78814767801542 233481.3296261596 
406.5354803280475 -229.97466942590984 
75351.85218807972 116837332.11079834 
645032.1874595905 -40524007.91585812 
73384.21160313515 -90.2915094425565 