2978.704964933833 -1183055.5334997328 
1538.0542670012458 -866465.5905055939 
4051.4606659481956 -4313128.695684314 
-20229.176432171847 2682531.477169676 
86806.64974132099 1967909.8871697865 
-213.288667101773 11932.068983987096 
2168.0762110870896 30010.128815986696 
-421.7498346670347 24028.062756649324 
146023.78844056863 40861202.16695419 
14603.112554481731 7042246.664446148 
356.20931952868614 5271796.82579278 
42353.571405878836 -114879491.1474699 
-372.9978308316016 -667842.2044647681 
1011.8678130050496 540608.7419306508 
-684.7966488986875 -3825883.05770468 
99.42590798787418 233466.42533555182 
-421.33061715176245 -35.64837370717014 
76254.48134839482 116870897.87242709 
646408.7664519993 -40535569.85680514 
73530.55990892336 20.905426359086903 