2387.05855970763 -1183903.3316443714 
1115.143375233276 -867114.6087275911 
3538.8587442923726 -4316231.175721774 
-19623.902101695105 2684464.3094609203 
84719.90034414871 1969323.1137023878 
-80.63709727731582 12420.948711162731 
1909.6600035236165 30031.786251143207 
165.81320008677588 24060.481187976166 
137076.02162535384 40890244.28384676 
14531.92631728231 7047374.733268657 
352.6002657214027 5275693.366503892 
43706.23642559604 -114963539.09830911 
140.46258793838095 -668537.9583209506 
1131.7071037588257 540997.5533016244 
-810.4459395061004 -3828668.306888973 
132.34166132496304 233757.05900240355 
102.17294448988214 212.65744860010835 
62263.729363510705 116955211.8688993 
622318.634084845 -40564612.351326816 
70384.07133447682 -83.34170095495375 