2926.1141733581703 -1184751.12978901 
1496.7946678043706 -867763.6269495883 
3996.044241985404 -4319333.655759234 
-20229.176432171847 2686397.1417521643 
86806.64974132099 1970736.340234989 
191.10543896501923 12734.333151659934 
2168.0762110871015 30053.443686299514 
-421.74983466703145 24092.899619303033 
146023.78844056863 40919286.40073933 
14660.061544241269 7052502.802091165 
370.64553475781986 5279589.907215003 
44157.12476550177 -115047587.04914834 
101.81502953633924 -667901.4175589113 
1055.4457369155136 541386.364672598 
-711.2491311318271 -3831453.5560732656 
-169.62459755006918 233898.64976317747 
430.88448319510076 -251.5664800613257 
74449.22302776462 117039525.86537151 
646408.7664519993 -40593654.84584849 
73237.86329734694 173.8012130863466 