-178.726645618769 71.02168709219094 
1685.856236016707 273031.7896434845 
84582.53180869384 16574350.355484866 
212.9688155620448 -12.061188650860387 
223.96110099162695 -864.477637263455 
1723.7366786511948 206204.6798721073 
-231.0644218956691 93.84039981481277 
406.2609472539048 -6504.368064707533 
85.60600624680538 -80.0810035401373 
-796.7526244337571 -12930.618574467897 
33.94558944187304 3950.491452036275 
-87.86665627292248 -242.44291334456136 
1013.161992471822 -94196.34336292355 
-682750337.3666921 -1642760830892.7815 
682750819.1455971 1642760835492.4517 
143.57669999511344 -109080.28303877429 
-47.96382849600907 45627.53017213075 
7086.947947663027 -86750.13187344029 
213.78291626744777 -65.78437511254666 
-43975.92094027934 -64325.31033385456 