2899.818777570339 -1186784.2381358682 
1476.164868205933 -869320.0403160839 
3968.336030004008 -4326773.726370394 
-20192.49313941568 2691032.275114105 
86950.56349285011 1974125.4048108007 
-244.19777075019033 12809.545417379262 
2143.4651437001166 30105.380473925128 
-409.8798743689708 24178.84615816961 
144647.2089305356 40988932.425135724 
14688.536039121038 7064800.445807703 
363.427427143253 5288934.218114635 
43255.348085690304 -115249142.79855424 
388.91117766579197 -674651.7102912357 
1033.6567749602816 542318.7748797669 
-724.4753722483969 -3838132.874022328 
191.01756944759964 234524.62996870428 
406.5354803280475 -229.9746694259105 
73546.59386744951 117241719.61994468 
645032.1874595905 -40663301.77583887 
73384.21160313515 -229.2876791946107 