2413.3539554954614 -1187286.4882215546 
1135.7731748317135 -869704.5297840917 
3566.5669562737685 -4328611.688477894 
-19733.951979963604 2692177.3179406715 
85439.46910179433 1974962.6243206356 
-83.21285591468404 12596.443997841165 
1983.4932056846326 30118.210708022365 
-356.4650530277142 24210.259366819675 
141205.76015545297 41006137.470688194 
14674.298791681154 7067838.401271274 
374.2545885651033 5291242.595313161 
46411.566465030446 -115298934.23862487 
151.50474748182143 -676028.414730065 
1197.0739896245218 542549.1133696801 
-823.6721806226702 -3839782.903159942 
12.127605659073438 234383.03920793036 
77.8239416228289 234.2492592355233 
61361.1002031956 117291668.66998746 
623695.2130772538 -40680507.04510526 
70823.11625184145 -125.04055188057004 