224.2703498603849 -227.63888113053747 
1704.2899563928395 279293.41513949726 
86023.6769995951 16746962.373019684 
162.07325095901533 62.20834208895321 
185.217279751941 -633.9008711398918 
1763.0882368242374 212275.35619718666 
-179.80699103750467 79.60265186133326 
413.1388256298076 -6769.769608138285 
49.19833432492357 -273.26241003052826 
-860.2464418841321 -13985.335309956152 
188.612909036684 3726.642729148236 
-94.69365928965404 -200.8065434549115 
1084.0433049188903 -95315.98667721935 
-774548733.9929008 -1659249125286.7107 
774549216.397657 1659249129929.5962 
-293.0761876440021 -112184.20148854078 
260.13206509632107 46766.61435299409 
6778.34457649235 -87842.72810732512 
169.96754017308987 -209.20580630576166 
-42536.69769595538 -69119.97051326778 