2952.4095691460016 -1192875.527175072 
1517.4244674028082 -873983.1285840827 
4023.7524539667997 -4349064.530810155 
-20339.226310440346 2704919.354514702 
87238.39099590835 1984279.2030260782 
-110.25832160704934 11957.139739226872 
2143.465143700127 30260.98555305332 
-409.8798743689568 24477.397293181188 
144647.2089305356 41197595.21759608 
14688.536039121038 7101644.769669898 
348.9912119141193 5316930.216778355 
41451.79472606737 -115853013.38373083 
90.77286999289876 -682911.9369242117 
990.0788510498176 545112.3200854349 
-671.5704077821177 -3858144.4274033126 
191.01756944759964 235866.01612340458 
406.5354803280475 -229.97466942591154 
77157.11050870993 117847501.69886349 
653291.6614140434 -40871967.281501725 
73969.60482628799 62.604277284703194 