2413.3539554954614 -1193048.3012045482 
1135.7731748317135 -874115.3929610774 
3566.5669562737685 -4349696.789775135 
-19807.318565475936 2705313.249247041 
85439.46910179433 1984567.2065374614 
-165.6371323104635 12220.382669244522 
1934.2710709106452 30265.399153582614 
-332.72513243158863 24488.20343695689 
138452.60113538688 41203513.753266126 
14617.349801921617 7102689.826349366 
345.38215810683585 5317724.298534648 
42804.459745784574 -115870141.63911512 
328.1793001768692 -682808.3140094611 
1109.9181418035937 545191.5565259651 
-797.2196983895307 -3858712.037426652 
129.47942190434662 235694.6167814151 
-116.96808131359708 -521.4641130040212 
63166.35852382581 117864684.1720782 
629201.529046889 -40877885.894129366 
71115.81286341787 166.85140459874387 