2926.1141733581703 -1193213.0392326533 
1496.7946678043706 -874241.505506584 
3996.044241985404 -4350299.641346395 
-20302.54301768418 2705688.823294155 
87094.47724437923 1984841.8145366872 
-218.44018437650948 11982.210494466648 
2118.854076313129 30269.607470366358 
-89.3909463214264 24485.43907459562 
143270.62942050255 41209157.008207336 
14660.061544241269 7103686.275741418 
341.7731042995524 5318481.446255764 
40550.0180462559 -115886473.23145829 
377.86901812235146 -683415.2482244289 
968.2898890945855 545267.1075506567 
-684.7966488986875 -3859253.2469837894 
70.80351378171002 235851.1118327968 
-421.33061715176245 -78.83199497800291 
76254.48134839482 117881067.46049224 
651915.0824216346 -40883529.222448744 
73823.25652049978 -118.0907433929673 