2899.818777570339 -1196266.7197536263 
1476.164868205933 -876579.2014720715 
3968.336030004008 -4361474.450959995 
-20339.226310440346 2712650.6836796785 
87526.2184989666 1989932.1091564833 
-110.25832160704879 12057.422760185977 
2143.465143700131 30347.61529367391 
-409.879874368957 24607.071018490355 
144647.2089305356 41313763.68516635 
14802.434018640113 7122157.044959933 
363.427427143253 5332516.3796228 
43255.348085690304 -116189205.18708771 
388.91117766579197 -689691.8362036077 
1033.6567749602816 546667.5655693293 
-724.4753722483969 -3869285.4241404836 
67.9412743610936 236387.66629467692 
406.5354803280475 -229.97466942591208 
73546.59386744951 118184757.68475233 
650538.5034292258 -40988137.259588435 
73969.60482628799 -229.2876791946107 