2899.818777570339 -1198637.3401580658 
1476.164868205933 -878393.9917610683 
3968.336030004008 -4370149.632107396 
-20412.59289595268 2718055.285821072 
87526.2184989666 1993883.785242904 
216.8630253386998 11957.139739226872 
2143.465143700164 30408.17399860897 
-409.879874368957 24714.12723357146 
144647.2089305356 41394971.50017401 
14802.434018640113 7136496.19474799 
363.427427143253 5343411.919999842 
43255.348085690304 -116424220.78422108 
-361.9556712881611 -690491.2129745409 
1033.6567749602816 547754.7632417199 
-724.4753722483969 -3877073.5616700226 
219.6399636537638 236626.13494440142 
-396.9816142847092 -57.240184342588286 
73546.59386744951 118420517.20095424 
653291.6614140434 -41069346.13052583 
73969.60482628799 -215.3880622194052 