2413.3539554954614 -1200160.1624178668 
1135.7731748317135 -879559.763828068 
3566.5669562737685 -4375722.333217336 
-19954.0517365006 2721527.055671221 
86015.12410791081 1996422.2347967234 
-271.24323644255486 12220.382669244522 
1934.2710709107066 30447.075268389035 
-332.7251324315889 24809.372082200513 
138452.60113538688 41447137.1982891 
14731.247781440692 7145707.275713539 
345.38215810683585 5350410.919665772 
42804.459745784574 -116575188.43051523 
372.34793835063124 -694088.4084437401 
1109.9181418035937 548453.1495431369 
-797.2196983895307 -3882076.4500152688 
-234.02498451393862 236976.38577368428 
126.52194735693539 234.2492592355212 
63166.35852382581 118571962.72068395 
634707.8450165243 -41121512.50694154 
71701.20608657072 152.95178762353848 