2899.818777570339 -1203378.5809669448 
1476.164868205933 -882023.5723390621 
3968.336030004008 -4387499.994402196 
-20485.95948146501 2728864.4901038585 
87814.04600202484 2001787.1374157453 
-215.86442573914076 12057.422760185977 
2143.4651437002294 30529.29140847666 
-409.8798743689562 24928.239663735243 
144647.2089305356 41557387.13018932 
14859.38300839965 7165174.494324105 
363.427427143253 5365203.000753924 
43255.348085690304 -116894251.97848782 
-361.9556712881611 -698011.2759307269 
1033.6567749602816 549929.1585865011 
-724.4753722483969 -3892649.8367291004 
-261.2162590097946 237907.9039366706 
-396.9816142847092 -57.24018434258908 
73546.59386744951 118892036.23335807 
656044.819398861 -41231763.87240061 
74262.30143786441 -215.3880622194052 