2387.05855970763 -1203543.31899505 
1115.143375233276 -882149.6848845687 
3538.8587442923726 -4388102.845973456 
-19990.735029256768 2729240.0641509723 
86159.03785943994 2002061.7454149711 
-268.66747780518676 12295.59493496385 
1958.8821382977499 30533.499725260106 
-344.5950927296443 24938.543196172763 
139829.18064541992 41563030.38513053 
14816.671266079999 7166170.943716156 
367.03648095053643 5365960.148475041 
45509.78978521898 -116910583.57083099 
-135.5914006476311 -697878.0464689047 
1175.2850276692898 550004.7096111927 
-836.89842173924 -3893191.046286238 
-202.54035088715798 238064.3989880523 
102.17294448988214 212.6574486001051 
60458.4710428805 118908419.5217721 
633331.2660241155 -41237407.20071999 
71554.8577807825 69.55408577230594 