2978.704964933833 -1204391.1171396885 
1538.0542670012458 -882798.7031065659 
4051.4606659481956 -4391205.326010916 
-20596.00935973351 2731172.8964422164 
88245.78725661221 2003474.9719475724 
-25.258286573901557 12834.616172619038 
2168.0762110872424 30555.15716041394 
-421.7498346670115 24991.568692375607 
146023.78844056863 41592072.5020231 
14887.85750327942 7171299.012538665 
356.20931952868614 5369856.689186152 
42353.571405878836 -116994631.5216702 
399.9533372092325 -699728.4556608796 
1011.8678130050496 550393.5209821663 
-684.7966488986875 -3895976.2954705306 
99.42590798787424 237863.19106484725 
430.88448319510076 -251.566480061329 
76254.48134839482 118992733.51824431 
660174.5563760875 -41266449.69524167 
74701.34635522905 34.805043334292385 