2899.818777570339 -1205403.653312432 
1476.164868205933 -883573.8338740696 
3968.336030004008 -4394910.6576196365 
-20485.95948146501 2733481.302780574 
87814.04600202484 2005162.8064793996 
222.01454261343594 12007.281249706424 
2094.243008926262 30581.022912351218 
100.52841844748372 25034.290656140933 
141894.0499104695 41626757.87385688 
14859.38300839965 7177423.530753225 
348.9912119141193 5374510.37761838 
41451.79472606737 -117095011.0648526 
410.995496752673 -703458.880591901 
990.0788510498176 550857.8833778314 
-698.0228900152573 -3899302.754211961 
73.6657532023265 238310.3197830807 
-396.9816142847092 -57.24018434258942 
75351.85218807972 119093430.80313055 
658797.9773836787 -41301135.51808272 
74554.99804944084 187.70083006155195 