2899.818777570339 -1207774.2737168716 
1476.164868205933 -885388.6241630665 
3968.336030004008 -4403585.838767037 
-20485.95948146501 2738885.9049219675 
87814.04600202484 2009114.4825658202 
-27.834045211269718 12659.120885940605 
2094.243008926295 30641.581617282696 
100.52841844748944 25141.346871223956 
141894.0499104695 41707965.68886454 
14859.38300839965 7191762.6805412825 
348.9912119141193 5385405.917995421 
41451.79472606737 -117330026.66198596 
-85.90168270214892 -706005.0436400585 
990.0788510498176 551945.081050222 
-698.0228900152573 -3907090.8917415 
219.63996365376386 238459.3626891585 
406.5354803280475 -229.9746694259141 
75351.85218807972 119329190.31933247 
658797.9773836787 -41382344.389020115 
74554.99804944084 201.6004470367574 