2952.4095691460016 -1208794.8458909863 
1517.4244674028082 -886169.9067620584 
4023.7524539667997 -4407320.577769477 
-20632.692652489677 2741212.6319455504 
88389.70100814133 2010815.7126098047 
216.86302533869969 11957.139739226872 
2192.6872784743005 30667.652652964684 
-433.61979496505904 25184.571446328006 
147400.36795060168 41742926.341427155 
14973.280987918726 7197935.80604326 
363.427427143253 5390096.540462825 
43255.348085690304 -117431202.86820948 
388.91117766579197 -706005.0436400585 
1033.6567749602816 552413.1288617258 
-698.0228900152573 -3910443.750949132 
-49.410541884179516 238951.20427921528 
-396.9816142847092 -57.24018434258999 
75351.85218807972 119430686.78901939 
661551.1353684963 -41417305.49616943 
74847.69466101726 -104.19112641776186 