2978.704964933833 -1209132.3579485675 
1538.0542670012458 -886428.2836845596 
4051.4606659481956 -4408555.688305717 
-20669.375945245843 2741982.100725003 
88533.61475967045 2011378.3241204137 
108.68116256923963 11982.210494466648 
2168.076211087308 30676.274570276804 
-421.74983466700144 25205.681122541617 
146023.78844056863 41754488.132038414 
14944.806493038957 7199977.31211478 
356.20931952868614 5391647.769940235 
42353.571405878836 -117464662.71593694 
399.9533372092325 -707248.5186170656 
1011.8678130050496 552567.9163269475 
-684.7966488986875 -3911552.5705296085 
-169.62459755006913 238966.10856982306 
430.88448319510076 -251.5664800613298 
76254.48134839482 119464252.55064814 
662927.7143609051 -41428867.43711645 
74994.04296680547 34.805043334292385 