2387.05855970763 -1209980.156093206 
1115.143375233276 -887077.3019065568 
3538.8587442923726 -4411658.168343177 
-20064.1016147691 2743914.933016247 
86446.86536249818 2012791.550653015 
-163.0613736730949 12295.59493496385 
1909.660003523844 30697.93200542987 
165.81320008680783 25238.099553869666 
137076.02162535384 41783530.24893098 
14873.620255839536 7205105.3809372885 
352.6002657214027 5395544.310651346 
43706.23642559604 -117548710.66677617 
361.30577880719073 -710372.0093331193 
1131.7071037588257 552956.7276979211 
-810.4459395061004 -3914337.8197139013 
-79.46405580065195 239316.35939910592 
-92.61907844654384 -499.87230236860853 
62263.729363510705 119548566.54712035 
638837.5819937508 -41457909.93163813 
72140.25100393535 -97.2413179301592 