-399.6013974921407 147.0581719000677 
2003.8379125049917 296251.9841911984 
106559.99596993819 17214453.25384363 
29.934252158885496 263.72939373614037 
-61.14288870755049 -768.4039848621494 
1984.4407515476018 228716.77124427655 
-40.982322843458824 41.042973979557324 
444.9490131183581 -7488.565454929902 
-49.41694090115082 215.93979467173824 
-1058.664621416554 -16841.859801903505 
-45.53622757212132 5489.45142189162 
-113.18317037289864 -88.04133503424879 
1163.7847814218417 -98348.35398677047 
-786023533.5711769 -1703904922603.6023 
694225618.8021046 1703904927363.5293 
-185.89775158712825 -116676.71503425545 
-625.6436289816281 49851.63400949897 
7974.182639778705 -90801.84290742988 
46.21430433141388 -134.71847080097345 
-55129.90108379005 -69919.08054316997 