2439.6493512832926 -1211675.752382483 
1156.402974430151 -888375.3383505512 
3594.2751682551643 -4417863.128418097 
-20137.468200281433 2747780.5975987352 
86734.69286555643 2015618.0037182176 
135.7266282616046 12571.373242601388 
1958.8821382978635 30741.246875735498 
-344.5950927296311 25323.543481401528 
139829.18064541992 41841614.48271612 
14873.620255839536 7215361.518582306 
352.6002657214027 5403337.392073569 
43706.23642559604 -117716806.56845461 
-135.5914006476311 -712858.9592871335 
1131.7071037588257 553734.3504398683 
-783.9934572729609 -3919908.3180824867 
9.265366238457077 239525.01946761485 
102.17294448988214 212.6574486001037 
64068.98768414091 119717194.54006477 
641590.7399785684 -41515994.920681484 
72432.94761551177 -222.33787070700797 