2360.763163919799 -1215058.9089596663 
1094.5135756348384 -890965.2594070518 
3511.150532310977 -4430243.641174218 
-20100.784907525267 2755493.6060784864 
86878.60661708555 2021257.5143364654 
133.15086962423646 12446.019466402508 
1934.2710709109112 30827.671332599723 
-154.67572796072403 25460.25376545303 
138452.60113538688 41957507.66955756 
14959.043740478843 7235825.186584923 
359.81837333596957 5418886.620882838 
44608.01310540751 -118052201.70877036 
350.26361926375023 -719135.5472663124 
1153.4960657140577 555285.910507924 
-823.6721806226702 -3931022.914353456 
-110.94868942743253 240061.57392949497 
126.52194735693539 234.2492592355187 
61361.1002031956 120053651.34115292 
640214.1609861596 -41631889.61445993 
72286.59930972356 13.95561787148421 