2899.818777570339 -1217602.3033935819 
1476.164868205933 -892912.3140730434 
3968.336030004008 -4439551.081286598 
-20706.05923800201 2761292.1029522186 
88677.52851119958 2025497.1939342692 
-138.5916666180981 12809.545417379262 
2143.465143700426 30892.643638055513 
-409.87987436894116 25570.576954237797 
144647.2089305356 42044634.02023526 
15030.229977678264 7251209.393052449 
363.427427143253 5430576.243016172 
43255.348085690304 -118304345.56128803 
-361.9556712881611 -720571.4647992849 
1033.6567749602816 556452.3446208448 
-724.4753722483969 -3939378.661906334 
67.94127436109366 240784.43202397236 
-396.9816142847092 -57.24018434259147 
73546.59386744951 120306593.33056955 
664304.2933533139 -41719017.098024964 
75140.39127259368 -215.3880622194052 