2978.704964933833 -1218614.8395663255 
1538.0542670012458 -893687.4448405472 
4051.4606659481956 -4443256.412895318 
-20816.10911627051 2763600.5092905764 
89109.26976578694 2027185.0284660964 
185.95392169028239 12834.616172619038 
2168.076211087439 30918.509389990042 
-421.7498346669976 25633.905982879995 
146023.78844056863 42079319.39206904 
15058.704472558033 7257333.91126701 
356.20931952868614 5435229.9314484 
42353.571405878836 -118404725.10447042 
399.9533372092325 -722288.6445294376 
1011.8678130050496 556916.70701651 
-684.7966488986875 -3942705.1206477643 
-264.07849843041106 240978.18780187352 
430.88448319510076 -251.5664800613314 
76254.48134839482 120407290.61545579 
668434.0303305404 -41753702.92086602 
75579.43618995832 34.805043334292385 