2926.1141733581703 -1219289.863681488 
1496.7946678043706 -894204.1986855497 
3996.044241985404 -4445726.633967798 
-20742.742530758176 2765139.4468494817 
88821.4422627287 2028310.2514873145 
108.68116256923949 12082.493515425753 
2118.8540763134524 30935.75322461306 
-89.3909463214122 25663.057440508943 
143270.62942050255 42102442.97329156 
15001.755482798495 7261416.92341005 
341.7731042995524 5438332.390403219 
40550.0180462559 -118471644.79992534 
422.0376562961135 -724775.5944834519 
968.2898890945855 557226.2819469534 
-684.7966488986875 -3944922.7598087178 
-23.650387098631782 240978.18780187352 
430.88448319510076 -208.38285879050042 
76254.48134839482 120474422.13871329 
668434.0303305404 -41776826.80276006 
75579.43618995832 -131.9903603681727 