2413.3539554954614 -1220475.1738837077 
1135.7731748317135 -895111.5938300481 
3566.5669562737685 -4450064.224541498 
-20247.518078549932 2767841.7479201783 
87454.26162320204 2030286.0895305248 
-271.24323644255503 12270.524179724074 
1983.493205684987 30966.03257707575 
-356.46505302768713 25709.046377975425 
141205.76015545297 42143046.88079539 
15072.941719997918 7268586.498304078 
374.2545885651033 5443780.160591739 
46411.566465030446 -118589152.59849203 
151.50474748182143 -728668.8554233671 
1197.0739896245218 557769.8807831487 
-823.6721806226702 -3948816.8285734872 
129.47942190434668 241343.34292176415 
77.8239416228289 234.2492592355178 
61361.1002031956 120592301.89681424 
642967.3189709772 -41817431.23822875 
72871.99253287641 -125.04055188057004 