2952.4095691460016 -1223693.5924327858 
1517.4244674028082 -897575.4023410422 
4023.7524539667997 -4461841.885726359 
-20852.792409026675 2775179.1823528158 
89253.18351731607 2035650.9921495467 
-215.86442573914098 11957.139739226872 
2143.465143700536 31048.248717151 
-409.87987436894997 25869.128089266866 
144647.2089305356 42253296.812695615 
15087.178967437801 7288053.716914644 
348.9912119141193 5458572.241679892 
41451.79472606737 -118908216.14646462 
410.995496752673 -731052.1824626308 
990.0788510498176 559245.8898265129 
-671.5704077821177 -3959390.215287319 
67.94127436109368 242185.4353411038 
-396.9816142847092 -57.24018434259249 
77157.11050870993 120912375.40948837 
672563.7673077668 -41927682.60368782 
76018.48110732295 48.704660309497825 