2413.3539554954614 -1226236.9868667014 
1135.7731748317135 -899522.4570070338 
3566.5669562737685 -4471149.325838739 
-20320.884664062265 2780977.679226548 
87454.26162320204 2039890.6717473506 
55.878110503193454 12320.665690203627 
1934.2710709111097 31113.221022601952 
-332.72513243158795 25986.99044813064 
138452.60113538688 42340423.16337332 
15015.99273023838 7303437.9233821705 
345.38215810683585 5470261.863813226 
42804.459745784574 -119160359.99898228 
328.1793001768692 -735448.7547027632 
1109.9181418035937 560412.3239394337 
-797.2196983895307 -3967745.962840197 
252.55571699085277 242565.4947516022 
-116.96808131359708 -521.4641130040268 
63166.35852382581 121165317.398905 
648473.6349406125 -42014810.087252855 
73164.68914445283 166.85140459874387 