162.30110835264327 241.2977684334226 
66.61573202235016 81.57223306615411 
-187.397587194142 1.6030202211344124 
-203.99980542741866 237.7999550181542 
207.17542776535888 -15.604053019514899 
140.58421799166427 71.99068376418309 
-0.399629537464729 211.29930801699552 
-38.98955919985072 -9.415993191983127 
100.90841959476985 -221.7588409391971 
-207.85271704571562 -67.61326756232206 
226.95629533407754 -124.39286408044802 
-15.003464132466279 -75.38133088863519 
10.828402731266424 83.22050724710486 
231.03050965553476 152.8380838328185 
244.2649630732192 118.76127134504907 
108.15979734106153 -11.934548908303013 
155.31297044257863 -81.70848445188219 
-141.7011737184999 73.99669537728113 
175.27466711612135 -156.33989146785433 
64.4643646182122 4.280524329676579 