-170.97783072692417 -81.07702980613674 
1842.5428592138337 310427.60857800505 
96832.26593135462 17605227.68242983 
-77.12606834901722 103.47516905802107 
-267.0747217659915 -727.2295622613188 
1930.3323590596683 242460.1079246645 
75.06593944595099 8.811368043858753 
442.36980872739457 -8089.405060196742 
-131.87035973498874 -81.87642971246106 
-1066.6013485978508 -19229.62130030051 
-119.28962534186728 4230.302355646363 
-128.61655445463268 6.2236380705366185 
1243.5262579247933 -100883.10204552345 
-981095126.4018706 -1741232589078.7476 
981095610.2147918 1741232593936.5093 
119.75926976025248 -121223.68328961515 
953.3478256790638 52430.39403006459 
6083.9869913583325 -93275.3593813636 
-61.029865741053726 281.90459807803967 
-34620.969852173585 -81905.73099170299 