2899.818777570339 -1231480.4777612668 
1476.164868205933 -903536.5270530353 
3968.336030004008 -4490337.65024104 
-20852.792409026675 2792931.926335901 
89253.18351731607 2048631.2434300268 
-27.83404521127001 12659.120885940605 
2094.243008926704 31247.168666536443 
100.5284184474751 26211.909022083895 
141894.0499104695 42520043.838941105 
15144.12795719734 7335154.178421857 
348.9912119141193 5494361.321765834 
41451.79472606737 -119680182.63331965 
-85.90168270214892 -743605.3584209885 
990.0788510498176 562817.0577741282 
-698.0228900152573 -3984972.267036889 
-20.788147678015306 243556.63007701965 
406.5354803280475 -229.97466942591808 
75351.85218807972 121686785.4813516 
672563.7673077668 -42194433.09839404 
76018.48110732295 201.6004470367574 