2952.4095691460016 -1232501.0499353814 
1517.4244674028082 -904317.8096520272 
4023.7524539667997 -4494072.38924348 
-20999.52558005134 2795258.653359484 
89828.83852343255 2050332.4734740113 
216.86302533869934 11957.139739226872 
2192.687278474717 31273.239702213257 
-433.6197949650813 26255.133597190445 
147400.36795060168 42555004.49150372 
15258.025936716414 7341327.303923834 
363.427427143253 5499051.944233239 
43255.348085690304 -119781358.83954316 
388.91117766579197 -743605.3584209885 
1033.6567749602816 563285.1055856319 
-698.0228900152573 -3988325.1262445212 
191.01756944759975 244048.47166707643 
-396.9816142847092 -57.24018434259397 
75351.85218807972 121788281.95103852 
675316.9252925845 -42229394.205543354 
76311.17771889937 -104.19112641776186 