2899.818777570339 -1233851.0981657063 
1476.164868205933 -905351.3173420322 
3968.336030004008 -4499012.83138844 
-20926.158994539008 2798336.5284772944 
89541.01102037431 2052582.9195164475 
-215.86442573914115 12057.422760185977 
2094.243008926754 31307.727371454654 
100.52841844747182 26318.96523717339 
141894.0499104695 42601251.65394876 
15201.076946956877 7349493.328209914 
348.9912119141193 5505256.862142876 
41451.79472606737 -119915198.23045301 
410.995496752673 -748579.2583290171 
990.0788510498176 563904.2554465188 
-698.0228900152573 -3992760.404566428 
-261.21625900979456 244197.51457315424 
-396.9816142847092 -57.2401843425942 
75351.85218807972 121922544.99755351 
675316.9252925845 -42275641.96933143 
76311.17771889937 187.70083006155195 