2952.4095691460016 -1235546.6944549833 
1517.4244674028082 -906649.3537860266 
4023.7524539667997 -4505217.79146336 
-20999.52558005134 2802202.1930597825 
89828.83852343255 2055409.37258165 
188.52968032765023 12809.545417379262 
2143.4651437007833 31351.04224175122 
-409.8798743689694 26404.409164710196 
144647.2089305356 42659335.8877339 
15201.076946956877 7359749.465854932 
348.9912119141193 5513049.943565099 
41451.79472606737 -120083294.13213146 
90.77286999289876 -750592.5035298858 
990.0788510498176 564681.878188466 
-671.5704077821177 -3998330.9029350136 
191.01756944759975 244659.54758199546 
406.5354803280475 -229.97466942591876 
77157.11050870993 122091172.99049793 
678070.0832774021 -42333726.95837478 
76603.8743304758 62.604277284703194 