-186.47577061779114 217.57109404532872 
1888.6271601541662 319704.0907943202 
100435.12890860779 17860949.189889103 
-146.64882518136133 -7.751007333055927 
-139.89391681269703 -650.3706401432813 
1959.8460276894502 251453.7024803376 
150.98776981340905 -12.284809173562081 
447.5282175093217 -8482.592531946002 
-185.94874256562792 -212.40829917202595 
-1082.4748029604445 -20792.16461213495 
109.84714442822063 4174.3401749243685 
-138.3846975247187 67.7326305673762 
1261.2465860365603 -102541.83288151723 
-1004044725.5584228 -1765659691884.5686 
1004045209.5278068 1765659696806.353 
127.6984131718727 -124273.14702973662 
1030.3717990771463 54117.926149862134 
6006.836148565664 -94894.02046860039 
-132.08566493571607 -229.1956190869957 
-33901.3582300116 -80307.51093189859 