2413.3539554954614 -1237069.5167147843 
1135.7731748317135 -907815.1258530263 
3566.5669562737685 -4510790.4925733 
-20540.984420599263 2805673.962909932 
88317.74413237677 2057947.8221354694 
-160.48561503572697 12220.382669244522 
1983.4932056853193 31389.943511519275 
-356.46505302771124 26458.439883593906 
141205.76015545297 42711501.58584899 
15243.788689276531 7368960.54682048 
374.2545885651033 5520048.9432310285 
46411.566465030446 -120234261.7784256 
328.1793001768692 -750488.8806151352 
1197.0739896245218 565380.264489883 
-823.6721806226702 -4003333.79128026 
-205.40259030777435 244920.37266763163 
-68.2700755794906 -521.4641130040286 
61361.1002031956 122242618.51022764 
653979.9509102477 -42385893.3347905 
73750.08236760568 -111.14093490536456 