2387.05855970763 -1238427.6009464802 
1115.143375233276 -908854.7853745194 
3538.8587442923726 -4515760.342111981 
-20504.301127843097 2808770.1587129673 
88173.83038084765 2060211.663690063 
24.969006854776005 12420.948711162731 
1909.660003524345 31424.63646450455 
165.81320008679447 26522.774134916224 
137076.02162535384 42758024.029022865 
15215.314194396762 7377175.178393978 
352.6002657214027 5526290.795175842 
43706.23642559604 -120368897.83237658 
361.30577880719073 -755492.3870702353 
1131.7071037588257 566003.0997666084 
-810.4459395061004 -4007795.4700683686 
249.69347757023635 245054.51128310166 
-92.61907844654384 -499.8723023686133 
62263.729363510705 122377680.74154331 
655356.5299026566 -42432416.382886834 
73896.43067339389 -97.2413179301592 