2899.818777570339 -1238592.3389745853 
1476.164868205933 -908980.897920026 
3968.336030004008 -4516363.193683241 
-20999.52558005134 2809145.732760081 
89828.83852343255 2060486.2716892888 
77.77205892082199 12659.120885940605 
2094.2430089268287 31428.84478128673 
100.52841844748076 26533.077667354566 
141894.0499104695 42763667.283964075 
15258.025936716414 7378171.627786029 
348.9912119141193 5527047.942896958 
41451.79472606737 -120385229.42471975 
410.995496752673 -756099.3212852031 
990.0788510498176 566078.6507913 
-698.0228900152573 -4008336.679625506 
191.01756944759975 245211.00633448336 
-396.9816142847092 -57.24018434259499 
75351.85218807972 122394064.02995734 
678070.0832774021 -42438059.71120621 
76603.8743304758 187.70083006155195 