2978.704964933833 -1239950.4232062811 
1538.0542670012458 -910020.5574415191 
4051.4606659481956 -4521333.043221921 
-21109.57545831984 2812241.9285631166 
90260.57977801992 2062750.1132438823 
-2.076458837589051 11932.068983987096 
2168.076211087842 31463.537734271384 
-421.7498346670155 26597.411918677244 
146023.78844056863 42810189.72713795 
15286.500431596183 7386386.259359526 
356.20931952868614 5533289.794841772 
42353.571405878836 -120519865.47867073 
-372.9978308316016 -758082.9599390002 
1011.8678130050496 566701.4860680255 
-684.7966488986875 -4012798.358413615 
-264.078498430411 245374.95353116895 
-421.33061715176245 -35.64837370717969 
76254.48134839482 122529126.26127301 
679446.6622698109 -42484582.75930255 
77042.91924784043 20.905426359086903 