2413.3539554954614 -1241810.7575236633 
1135.7731748317135 -911444.70643102 
3566.5669562737685 -4528140.854868101 
-20614.351006111596 2816483.1671927185 
88605.57163543502 2065851.1743083107 
22.393248217407738 12596.443997841165 
1983.4932056853847 31511.06092134706 
-356.4650530276996 26672.5523137771 
141205.76015545297 42873917.2158643 
15300.737679036069 7397638.846396595 
374.2545885651033 5541840.023985111 
46411.566465030446 -120704292.97269234 
328.1793001768692 -758008.9435713212 
1197.0739896245218 567554.6598346642 
-823.6721806226702 -4018910.0663393377 
129.47942190434674 245740.1086510596 
-68.2700755794906 -521.4641130040294 
61361.1002031956 122714137.54263146 
656733.1088950654 -42548311.07666528 
74042.7789791821 -111.14093490536456 