2952.4095691460016 -1241983.5315531394 
1517.4244674028082 -911576.9708080147 
4023.7524539667997 -4528773.113833081 
-21146.258751076006 2816877.0619250573 
90404.49352954904 2066139.177819694 
77.77205892082183 12859.686927858815 
2192.687278474867 31515.474521874556 
-433.6197949650681 26683.35845755405 
147400.36795060168 42879835.75153435 
15371.92391623549 7398683.903076064 
363.427427143253 5542634.105741404 
43255.348085690304 -120721421.22807664 
388.91117766579197 -758645.4843333606 
1033.6567749602816 567633.8962751944 
-698.0228900152573 -4019477.676362677 
67.94127436109372 245911.50799304908 
-396.9816142847092 -57.24018434259556 
75351.85218807972 122731320.01584618 
680823.2412622197 -42554229.68929292 
76896.57094205222 -104.19112641776186 