2413.3539554954614 -1242831.329697778 
1135.7731748317135 -912225.9890300119 
3566.5669562737685 -4531875.593870541 
-20614.351006111596 2818809.8942163014 
88605.57163543502 2067552.4043522952 
161.48421463528499 12320.665690203627 
1934.2710709114087 31537.131957021033 
-332.72513243158596 26736.38395376189 
138452.60113538688 42908877.86842692 
15243.788689276531 7403811.9718985725 
345.38215810683585 5546530.646452515 
42804.459745784574 -120805469.17891586 
372.34793835063124 -761768.9750494142 
1109.9181418035937 568022.707646168 
-797.2196983895307 -4022262.9255469698 
-234.0249845139385 245769.91723227515 
126.52194735693539 234.24925923551405 
63166.35852382581 122815634.01231839 
659486.266879883 -42583272.1838146 
74335.47559075852 152.95178762353848 