2926.1141733581703 -1244016.6398999977 
1496.7946678043706 -913133.3841745104 
3996.044241985404 -4536213.184444241 
-21109.57545831984 2821512.195286998 
90548.40728107817 2069528.2423955055 
-218.44018437650936 12032.3520049462 
2168.076211087912 31567.41130947656 
-421.74983466701065 26769.304996431347 
146023.78844056863 42949481.77593075 
15400.398411115259 7410981.546792601 
370.64553475781986 5551978.416641036 
44157.12476550177 -120922976.97748254 
377.86901812235146 -766135.940742475 
1055.4457369155136 568566.3064823633 
-711.2491311318271 -4026156.994311739 
99.4259079878743 246105.26377095023 
-421.33061715176245 -35.64837370718037 
74449.22302776462 122933513.77041934 
679446.6622698109 -42623876.619283296 
77042.91924784043 159.90159611114112 