2439.6493512832926 -1244518.889985684 
1156.402974430151 -913517.8736425182 
3594.2751682551643 -4538051.146551741 
-20651.034298867762 2822657.2381135644 
89037.31289002238 2070365.4619053404 
-191.3947186841444 12571.373242601388 
2008.104273072438 31580.241543567758 
-368.33501332575463 26800.718205085504 
142582.339665486 42966686.82148322 
15329.212173915837 7414019.502256173 
367.03648095053643 5554286.793839562 
45509.78978521898 -120972768.41755317 
-312.26595334267887 -766239.5636572256 
1175.2850276692898 568796.6449722765 
-810.4459395061004 -4027807.0234493534 
249.69347757023635 246395.89743780196 
-92.61907844654384 -499.8723023686143 
62263.729363510705 122983462.82046212 
658109.6878874742 -42641081.88854969 
74481.82389654673 194.65063854915465 