2926.1141733581703 -1246387.2603044373 
1496.7946678043706 -914948.1744635073 
3996.044241985404 -4544888.3655916415 
-21182.942043832172 2826916.7974283914 
90548.40728107817 2073479.9184819262 
108.68116256923895 11932.068983987096 
2168.076211087962 31627.97001438628 
-421.74983466700564 26876.361211525 
146023.78844056863 43030689.590938404 
15400.398411115259 7425320.696580659 
370.64553475781986 5562873.957018077 
44157.12476550177 -121157992.57461591 
101.81502953633924 -765662.2359893294 
1055.4457369155136 569653.5041547539 
-711.2491311318271 -4033945.131841278 
-141.00220334390485 246686.5311046537 
430.88448319510076 -251.56648006133605 
74449.22302776462 123169273.28662126 
682199.8202546285 -42705085.49022069 
77042.91924784043 173.8012130863466 