-217.47682015894014 -219.33660982919304 
1925.4946009064329 332227.3417863457 
103317.41929041033 18206173.22495912 
-240.87699448408816 -157.72380822714365 
42.03359161407301 -628.4109485288582 
1999.1975858624928 263595.0551304956 
253.47924952932962 -40.770216029217295 
454.4060958852245 -9013.395618807504 
-246.02615532594353 173.83203726901425 
-1209.4624378611945 -22901.598083111447 
139.9213454605464 5573.394692974666 
-151.08776925259585 150.38962316672186 
1367.5685547071623 -104781.11951010882 
-1141742320.4977362 -1798636280672.427 
1141742805.4058967 1798636285680.642 
-15.206168237292442 -129391.88973636909 
-1819.5152166519065 55668.34628492613 
5543.931091809654 -97079.21293637005 
-228.2455272508744 284.92551864327294 
-29583.688497039715 -77111.07081228979 