2387.05855970763 -1250955.7270838402 
1115.143375233276 -918445.4906645063 
3538.8587442923726 -4561606.468921462 
-20724.400884380095 2837332.1069788393 
89037.31289002238 2081095.2671433843 
-268.66747780518745 12295.59493496385 
1958.8821382985511 31744.673823673384 
-344.5950927296351 27079.667497937677 
139829.18064541992 43187186.68528367 
15386.161163675375 7452953.939477305 
367.03648095053643 5583870.956015867 
45509.78978521898 -121610895.51349835 
-135.5914006476311 -773078.6760307648 
1175.2850276692898 571748.6630590049 
-836.89842173924 -4048953.796877017 
132.3416613249632 247558.4321052089 
102.17294448988214 212.65744860009715 
60458.4710428805 123623609.84581037 
660862.8458722918 -42861584.61946783 
74481.82389654673 69.55408577230594 