2413.3539554954614 -1251293.2391414214 
1135.7731748317135 -918703.8675870076 
3566.5669562737685 -4562841.579457702 
-20761.08417713626 2838101.575758292 
89181.2266415515 2081657.8786539934 
-188.81896004677648 12596.443997841165 
1983.4932056855475 31753.29574098186 
-356.4650530276919 27100.777174153733 
141205.76015545297 43198748.47589493 
15414.635658555144 7454995.445548825 
374.2545885651033 5585422.185493276 
46411.566465030446 -121644355.36122581 
328.1793001768692 -773049.0694836932 
1197.0739896245218 571903.4505242266 
-823.6721806226702 -4050062.6164574935 
12.127605659073609 247573.33639581667 
-68.2700755794906 -521.464113004031 
61361.1002031956 123657175.60743912 
662239.4248647006 -42873146.56041485 
74628.17220233494 -111.14093490536456 