2899.818777570339 -1259927.922614541 
1476.164868205933 -925314.0105209979 
3968.336030004008 -4594439.824009843 
-21292.99192210067 2857787.152032621 
90980.14853566553 2096051.3564670747 
111.25692120660688 12057.422760185977 
2094.2430089269924 31973.87312544414 
100.52841844750456 27496.583603212857 
141894.0499104695 43494537.61903299 
15485.821895754565 7507223.975878546 
348.9912119141193 5625107.80629033 
41451.79472606737 -122500369.79892007 
-85.90168270214892 -788725.7361581046 
990.0788510498176 575863.4298428155 
-698.0228900152573 -4078429.9173913565 
191.0175694475998 249607.7720637788 
406.5354803280475 -229.97466942592445 
75351.85218807972 124515899.67577456 
689082.7152166726 -43168939.54964274 
77774.66077678149 201.6004470367574 