2360.763163919799 -1260100.696644017 
1094.5135756348384 -925446.2748979926 
3511.150532310977 -4595072.082974823 
-20834.450762648594 2858181.04676496 
89469.05414460975 2096339.359978458 
55.8781105031928 12270.524179724074 
1934.2710709115042 31978.28672597054 
-154.67572796072866 27494.32185218958 
138452.60113538688 43500456.154703036 
15471.584648314682 7508269.032558015 
359.81837333596957 5625901.888046623 
44608.01310540751 -122517498.05430436 
-323.3081128861194 -788888.5721669984 
1153.4960657140577 575942.6662833457 
-823.6721806226702 -4078997.527414696 
129.4794219043468 249436.37272178932 
-116.96808131359708 -521.4641130040341 
61361.1002031956 124533082.14898928 
664992.5828495183 -43174858.16227038 
74920.86881391137 0.05600089627881388 