2439.6493512832926 -1263483.8532212002 
1156.402974430151 -928036.1959544932 
3594.2751682551643 -4607452.595730944 
-20944.500640917093 2865894.055244711 
90188.62290225536 2101978.8705967837 
53.30235186582464 12145.170403525193 
2008.104273072518 32064.711182787494 
-368.33501332575645 27657.1679258639 
142582.339665486 43616349.34154447 
15557.008132953988 7528732.700560632 
367.03648095053643 5641451.116855892 
45509.78978521898 -122852893.19462012 
-312.26595334267887 -796319.8154819696 
1175.2850276692898 577494.2263514014 
-810.4459395061004 -4090112.123685665 
9.26536623845719 250151.7786709628 
-92.61907844654384 -499.8723023686199 
62263.729363510705 124869538.95007743 
669122.3198267447 -43290752.85604883 
75652.61034285242 194.65063854915465 