-217.47690560510983 239.691482929509 
1907.0608805303023 344982.50483377906 
101876.27409950906 18557790.29771562 
-196.11965404084674 -224.54880391399814 
227.3301268741324 -606.4512562114063 
2038.5491440355354 275961.2476445398 
156.20644871597463 -69.78739058279362 
454.4060958852245 -9554.028392462738 
-171.88752572617045 120.3272866787716 
-1177.715529136007 -25050.095136883803 
-175.14171297331464 5461.470331530642 
-164.0895158831751 234.57962835279113 
1332.1278984836283 -107061.87440960026 
-1095843122.1846316 -1832223547030.431 
1095843606.7798667 1832223552126.6772 
405.5684325785829 -126614.69954447281 
-1511.4193230595763 55731.628739418535 
4772.422663882971 -99304.87193132064 
-163.6628237785949 -228.24693215825914 
-20948.34903109594 -73914.63069268099 