2952.4095691460016 -1263994.1393082575 
1517.4244674028082 -928426.8372539892 
4023.7524539667997 -4609319.965232164 
-21439.725093125337 2867057.4187565027 
91555.80354178202 2102829.4856187897 
-110.25832160704972 11957.139739226872 
2143.465143701012 32077.746700620584 
-409.8798743689545 27689.08374585906 
144647.2089305356 43633829.66782578 
15542.770885514103 7531819.263311621 
348.9912119141193 5643796.4280895945 
41451.79472606737 -122903481.29773188 
90.77286999289876 -795712.8812670019 
990.0788510498176 577728.2502571533 
-671.5704077821177 -4091788.553289481 
-172.48683697068543 250338.08230356008 
406.5354803280475 -229.97466942592604 
77157.11050870993 124920287.18492089 
694589.0311863079 -43308233.40962349 
78360.05399993433 62.604277284703194 