2952.4095691460016 -1266364.759712697 
1517.4244674028082 -930241.6275429861 
4023.7524539667997 -4617995.146379564 
-21513.09167863767 2872462.020897896 
91843.63104484027 2106781.161705274 
216.86302533869878 12057.422760185977 
2143.4651437010425 32138.305405512627 
-409.87987436895173 27796.13996096152 
144647.2089305356 43715037.48283344 
15599.71987527364 7546158.413099678 
348.9912119141193 5654691.968466636 
41451.79472606737 -123138496.89486524 
410.995496752673 -798732.7490683049 
990.0788510498176 578815.4479295439 
-671.5704077821177 -4099576.69081902 
67.94127436109379 250978.96679969467 
-396.9816142847092 -57.240184342602674 
77157.11050870993 125156046.7011228 
697342.1891711255 -43389442.28056088 
78652.75061151075 48.704660309497825 