2387.05855970763 -1266875.0457997543 
1115.143375233276 -930632.268842482 
3538.8587442923726 -4619862.515880784 
-20944.500640917093 2873625.3844096875 
89900.79539919712 2107631.77672728 
53.30235186582461 12345.736445443403 
1909.6600035245638 32151.340923345026 
165.81320008683704 27807.448716078077 
137076.02162535384 43732517.80911475 
15557.008132953988 7549244.975850667 
352.6002657214027 5657037.279700338 
43706.23642559604 -123189084.997977 
361.30577880719073 -800612.7648073514 
1131.7071037588257 579049.4718352958 
-810.4459395061004 -4101253.120422836 
-113.81092884804882 250792.6631670974 
-92.61907844654384 -499.87230236862126 
62263.729363510705 125206794.93596627 
671875.4778115624 -43406922.83413554 
75652.61034285242 -97.2413179301592 