2926.1141733581703 -1267722.8439443929 
1496.7946678043706 -931281.2870644792 
3996.044241985404 -4622964.995918244 
-21476.408385881503 2875558.2167009315 
91987.54479636939 2109045.003259904 
-218.44018437650982 12032.3520049462 
2168.07621108805 32172.998358483605 
-421.7498346670074 27839.867147412213 
146023.78844056863 43761559.926007316 
15685.143359912947 7554373.044673176 
370.64553475781986 5660933.820411449 
44157.12476550177 -123273132.94881622 
377.86901812235146 -803736.255523405 
1055.4457369155136 579438.2832062694 
-711.2491311318271 -4104038.3696071287 
-141.0022033439048 251083.29683394913 
-421.33061715176245 -35.64837370718759 
74449.22302776462 125291108.93243848 
693212.4521938991 -43435965.32865722 
78506.40230572254 159.90159611114112 