2952.4095691460016 -1268060.356001974 
1517.4244674028082 -931539.6639869804 
4023.7524539667997 -4624200.106454484 
-21513.09167863767 2876327.685480384 
92131.45854789851 2109607.6147705223 
-244.19777075019084 12809.545417379262 
2192.687278475052 32181.620275789865 
-433.6197949650643 27860.976823629848 
147400.36795060168 43773121.716618575 
15656.668865033178 7556414.550744696 
363.427427143253 5662485.049888859 
43255.348085690304 -123306592.79654369 
-85.90168270214892 -803706.6489763334 
1033.6567749602816 579593.0706714911 
-698.0228900152573 -4105147.1891876054 
-20.788147678015193 251068.39254334135 
406.5354803280475 -229.9746694259276 
75351.85218807972 125324674.69406722 
694589.0311863079 -43447527.269604236 
78652.75061151075 -90.2915094425565 