2413.3539554954614 -1270258.2023769375 
1135.7731748317135 -933222.1898989826 
3566.5669562737685 -4632243.028636904 
-21054.550519185592 2881338.3928894387 
90332.53665378448 2113271.287345619 
55.87811050319266 12170.24115876497 
1983.49320568558 32237.76538015197 
-356.4650530276928 27957.226894956144 
141205.76015545297 43848410.99595618 
15642.431617593295 7569708.643853284 
374.2545885651033 5672586.508509607 
46411.566465030446 -123524480.13829276 
328.1793001768692 -803129.3213084373 
1197.0739896245218 580601.0319033515 
-823.6721806226702 -4112367.716693805 
-228.30050567270555 251329.21762897752 
-68.2700755794906 -521.4641130040379 
61361.1002031956 125543251.73705442 
673252.0568039712 -43522817.52791399 
75798.95864864063 -111.14093490536456 