224.29875521835464 -61.7193394035719 
1897.844020342237 351302.1083436438 
101155.70150405842 18732000.57467225 
-187.48905212110537 -185.35479118065703 
189.4285626207955 -348.4248710461013 
2048.387033578796 282088.133935589 
104.48577012879355 -84.16405288492626 
456.1255654792002 -9821.887357591922 
-135.08146028853247 -74.29673802802704 
-1193.5889834986008 -26114.577768071016 
-212.37643806095264 4230.30235564638 
-170.61413833645676 224.24651211283458 
1349.8482265953953 -108191.88479162102 
-1118792721.341184 -1848864510816.8965 
1118793206.0928817 1848864515956.7583 
413.5075759902032 -120679.13619316494 
-1280.3474028653288 55784.36411816221 
4386.66844991963 -100407.5847970007 
-76.21479480905126 83.04726560389312 
-17350.290920286032 -70718.19057307218 