2952.4095691460016 -1271106.000521576 
1517.4244674028082 -933871.2081209798 
4023.7524539667997 -4635345.508674365 
-21586.458264150002 2883271.2251806827 
92131.45854789851 2114684.513878243 
-215.8644257391418 11957.139739226872 
2143.465143701071 32259.422815289247 
-409.8798743689501 28010.252391170325 
144647.2089305356 43877453.11284875 
15656.668865033178 7574836.712675793 
348.9912119141193 5676483.049220718 
41451.79472606737 -123608528.08913198 
410.995496752673 -806252.8120244909 
990.0788510498176 580989.8432743251 
-671.5704077821177 -4115152.965878098 
-20.788147678015193 251619.85129582926 
-396.9816142847092 -57.240184342604266 
77157.11050870993 125627565.73352663 
700095.3471559432 -43551860.022435665 
78945.44722308718 48.704660309497825 