2899.818777570339 -1274151.645041178 
1476.164868205933 -936202.7522549792 
3968.336030004008 -4646490.910894245 
-21513.09167863767 2890214.7648809813 
91843.63104484027 2119761.4129859637 
-105.10680433231363 12107.564270665529 
2094.2430089270924 32337.22535478404 
100.52841844753465 28138.920893833532 
141894.0499104695 43981784.50907893 
15656.668865033178 7593258.874606891 
348.9912119141193 5690481.048552578 
41451.79472606737 -123910463.38172027 
-85.90168270214892 -811285.9250266626 
990.0788510498176 582386.6158771592 
-698.0228900152573 -4125158.74256859 
-20.788147678015193 252350.16153561053 
406.5354803280475 -229.9746694259296 
75351.85218807972 125930456.77298604 
697342.1891711255 -43656192.775267094 
78652.75061151075 201.6004470367574 