2439.6493512832926 -1275682.50330235 
1156.402974430151 -937374.676153467 
3594.2751682551643 -4652093.019397905 
-21164.60039745409 2893704.8554163557 
90764.27790837185 2122313.2580519817 
30.12052412951157 12571.373242601388 
1958.8821382986234 32376.331908275115 
-344.595092729637 28214.06128894442 
139829.18064541992 44034225.487922855 
15670.906112473063 7602518.5628598565 
352.6002657214027 5697516.982253685 
43706.23642559604 -124062227.69105555 
361.30577880719073 -813165.9407657092 
1131.7071037588257 583088.6875944148 
-783.9934572729609 -4130188.0313800382 
9.265366238457247 252715.31665550117 
-92.61907844654384 -499.87230236862433 
64068.98768414091 126082701.47751643 
680134.9517660153 -43708634.43599107 
76530.70017758169 -236.23748768221333 