2952.4095691460016 -1279913.4580241716 
1517.4244674028082 -940613.6154319649 
4023.7524539667997 -4667576.012191486 
-21733.191435174667 2903350.696187351 
92707.113554015 2129365.9952029446 
216.86302533869866 11957.139739226872 
2192.687278475161 32484.41380020056 
-433.6197949650681 28396.257899166278 
147400.36795060168 44179160.79165686 
15827.515834311791 7628110.299684983 
363.427427143253 5716962.751774065 
43255.348085690304 -124481670.78221053 
388.91117766579197 -818805.9879828487 
1033.6567749602816 585029.0590334442 
-698.0228900152573 -4144087.8768353 
-143.86444276452121 253542.50478423302 
-396.9816142847092 -57.240184342606426 
75351.85218807972 126503472.27507679 
702848.5051407608 -43853571.6242912 
79238.1438346636 -104.19112641776186 