2952.4095691460016 -1280588.482139334 
1517.4244674028082 -941130.3692769674 
4023.7524539667997 -4670046.233263966 
-21733.191435174667 2904889.633746256 
92707.113554015 2130491.218224181 
0.49929979977838895 12007.281249706424 
2143.4651437011726 32501.65763480886 
-409.8798743689528 28438.477251604494 
144647.2089305356 44202284.37287938 
15770.566844552253 7632193.311828023 
348.9912119141193 5720065.210728884 
41451.79472606737 -124548590.47766545 
410.995496752673 -821292.9379368629 
990.0788510498176 585338.6339638876 
-671.5704077821177 -4146305.5159962536 
96.56366856725799 253512.69620301746 
-396.9816142847092 -57.24018434260654 
77157.11050870993 126570603.79833429 
705601.6631255784 -43876695.50618523 
79530.84044624002 48.704660309497825 