2978.704964933833 -1282621.5904861924 
1538.0542670012458 -942686.782643463 
4051.4606659481956 -4677486.303875126 
-21769.874727930834 2909524.767108197 
92851.02730554412 2133880.282800047 
80.34781755818949 12834.616172619038 
2168.076211088189 32553.594422377468 
-421.74983466701013 28524.423790497374 
146023.78844056863 44271930.397275776 
15799.041339432022 7644490.95554456 
356.20931952868614 5729409.521628516 
42353.571405878836 -124750146.22707136 
-372.9978308316016 -825763.5265446743 
1011.8678130050496 586271.0441710565 
-684.7966488986875 -4152984.833945316 
-264.0784984304109 254168.48498975983 
-421.33061715176245 -35.648373707191325 
76254.48134839482 126772797.55290745 
704225.0841331696 -43946342.43617561 
79677.18875202823 20.905426359086903 