406.43476722267894 152.5867021725356 
2160.5245357021263 365303.7986888945 
118809.73009259897 19117980.224993587 
-168.37277859776384 -98.51556057921968 
-13.976501950913628 -460.96829707868227 
2230.387990129118 295662.8407180512 
-10.106979489886887 -116.0168282315491 
481.05787459184785 -10415.354697763463 
-53.53436580983948 -66.26184622204079 
-1328.5133455806476 -28473.041579371125 
133.47687381076682 3978.472542397327 
-185.06983471330224 131.8225288355336 
1394.1490468748163 -110695.53164719912 
-1084368322.6063554 -1885734169114.4326 
992570409.8712993 1885734174350.9287 
338.08571357973256 -107528.3238138911 
-394.57170878738015 55494.319535072005 
5119.601456449978 -102850.75137554873 
117.51700439893115 -158.27619398007195 
-28504.27106379674 -68320.86048336557 