2899.818777570339 -1286004.7470633755 
1476.164868205933 -945276.7036999636 
3968.336030004008 -4689866.816631246 
-21733.191435174667 2917237.775587948 
92707.113554015 2139519.793418386 
77.77205892082135 12659.120885940605 
2094.243008927197 32640.018879156105 
100.52841844756837 28674.201969389276 
141894.0499104695 44387823.58411721 
15827.515834311791 7664954.623547178 
348.9912119141193 5744958.750437785 
41451.79472606737 -125085541.36738712 
410.995496752673 -831299.9508470632 
990.0788510498176 587822.6042391122 
-698.0228900152573 -4164099.430216285 
-143.86444276452121 254883.89093893333 
-396.9816142847092 -57.24018434260711 
75351.85218807972 127109254.3539956 
705601.6631255784 -44062237.129954055 
79530.84044624002 187.70083006155195 