2387.05855970763 -1288885.6535548724 
1115.143375233276 -947482.1352884565 
3538.8587442923726 -4700409.367279867 
-21311.333568478756 2923805.741241133 
91339.93291448834 2144322.0845268765 
-85.78861455205353 12571.373242601388 
1958.8821382986625 32713.613101846888 
-344.59509272963436 28792.56693962322 
139829.18064541992 44486511.72540618 
15841.753081751676 7682380.336086224 
367.03648095053643 5758199.602048528 
45509.78978521898 -125371145.06763224 
-135.5914006476311 -833239.1796802529 
1175.2850276692898 589143.8258172547 
-836.89842173924 -4173563.99734964 
-202.54035088715776 255651.46190523406 
102.17294448988214 212.657448600087 
60458.4710428805 127395762.10504098 
682888.1097508329 -44160926.554466106 
76823.39678915811 69.55408577230594 