2439.6493512832926 -1289560.6776700348 
1156.402974430151 -947998.889133459 
3594.2751682551643 -4702879.588352347 
-21384.70015399109 2925344.678800038 
91627.76041754658 2145447.3075481127 
130.57511098686695 12621.51475308094 
2008.1042730726554 32730.856936451444 
-368.33501332575054 28834.786292063927 
142582.339665486 44509635.3066287 
15898.702071511214 7686463.348229264 
367.03648095053643 5761302.061003347 
45509.78978521898 -125438064.76308717 
339.2214597203097 -834453.0481101885 
1175.2850276692898 589453.4007476981 
-810.4459395061004 -4175781.6365105934 
37.887760444621456 255621.6533240185 
102.17294448988214 212.65744860008695 
62263.729363510705 127462893.62829848 
685641.2677356505 -44184050.43636014 
77116.09340073453 180.7510215739493 