2439.6493512832926 -1289906.225728987 
1156.402974430151 -948263.4178874483 
3594.2751682551643 -4704144.106282307 
-21384.70015399109 2926132.4682647157 
91627.76041754658 2146023.3145708884 
241.3327323936951 12571.373242601388 
1958.8821382986507 32739.684137498927 
-344.59509272963396 28856.398579622994 
139829.18064541992 44521472.377968796 
15841.753081751676 7688553.461588201 
352.6002657214027 5762890.224515933 
43706.23642559604 -125472321.27385576 
361.30577880719073 -835726.1296342672 
1131.7071037588257 589611.8736287585 
-783.9934572729609 -4176916.856557272 
160.96405553112749 255591.84474280293 
-92.61907844654384 -499.87230236862683 
64068.98768414091 127497258.57472791 
688394.4257204682 -44195887.661615424 
77408.79001231096 -236.23748768221333 