2926.1141733581703 -1291429.047988788 
1496.7946678043706 -949429.189954448 
3996.044241985404 -4709716.807392247 
-21843.241313443166 2929604.238114865 
93426.68231166061 2148561.7641247488 
-218.44018437651118 12032.3520049462 
2168.076211088149 32778.58540723028 
-421.7498346670158 28910.42929852079 
146023.78844056863 44573638.07608388 
15969.888308710635 7697764.54255375 
370.64553475781986 5769889.224181863 
44157.12476550177 -125623288.92014991 
377.86901812235146 -841336.5703043351 
1055.4457369155136 590310.2599301755 
-711.2491311318271 -4181919.744902518 
-169.6245975500689 255882.47840965466 
-421.33061715176245 -35.64837370719421 
74449.22302776462 127648704.09445761 
706978.2421179872 -44248054.03803114 
79969.88536360466 159.90159611114112 