2413.3539554954614 -1292614.3581910077 
1135.7731748317135 -950336.5850989465 
3566.5669562737685 -4714054.397965947 
-21348.016861234923 2932306.5391855617 
91483.84666601746 2150537.602167991 
27.544765492142236 12496.16097688206 
1934.2710709116325 32808.864759658725 
-332.7251324315751 28984.564470962945 
138452.60113538688 44614241.98358771 
15813.278586871907 7704934.117447779 
345.38215810683585 5775336.994370383 
42804.459745784574 -125740796.71871659 
328.1793001768692 -840729.6360893673 
1109.9181418035937 590853.8587663708 
-797.2196983895307 -4185813.8136672876 
40.749999865237875 256188.01636711418 
-116.96808131359708 -521.4641130040455 
63166.35852382581 127766583.85255857 
687017.8467280593 -44288658.473499835 
77262.44170652275 166.85140459874387 