2439.6493512832926 -1294301.9184789138 
1156.402974430151 -951628.4697114527 
3594.2751682551643 -4720229.950647147 
-21458.06673950342 2936153.8830828248 
91915.58792060483 2153350.6597210816 
-52.30375226626929 12145.170403525193 
2008.1042730726258 32851.97434616514 
-368.33501332575196 29048.898722303235 
142582.339665486 44672050.93664401 
15955.651061270752 7715141.647805379 
367.03648095053643 5783093.14175743 
45509.78978521898 -125908095.9573539 
339.2214597203097 -841973.1110663745 
1175.2850276692898 591627.7960924794 
-810.4459395061004 -4191357.9115696712 
-108.08645000681588 256381.77214501533 
102.17294448988214 212.65744860008152 
62263.729363510705 127934412.6607023 
688394.4257204682 -44346468.17823493 
77408.79001231096 180.7510215739493 