-217.47650655564686 79.30800797945929 
1971.57890184677 373275.77559354034 
106920.2822676635 19337740.8954664 
-157.4880821822293 -49.072426133963894 
-129.78684108012595 -392.34425461027934 
2127.090149924881 303391.71103932883 
-75.35508938258056 -134.15041919072905 
469.8813222310058 -10753.250181297984 
-7.101988792028234 179.24654774400733 
-1288.8297096741633 -29815.85223797885 
205.7981667694493 5405.5081508086305 
-193.3002392653125 79.2001379303467 
1420.729539042451 -112121.00345938127 
-1210591117.9673932 -1906726210588.185 
1210591603.3449416 1906726215879.7007 
445.2641496367729 -100040.80123769998 
-1742.491243253824 55204.2749519818 
3152.2549652369494 -104241.78824739285 
227.81821412596634 -62.60361453909054 
-8714.951454342252 -61128.87021424577 