2439.6493512832926 -1297018.0869423056 
1156.402974430151 -953707.788754439 
3594.2751682551643 -4730169.649724508 
-21458.06673950342 2942346.274688896 
91915.58792060483 2157878.342830342 
164.0599732726515 12295.59493496385 
1958.8821382986011 32921.36025206195 
-344.5950927296356 29177.567224986018 
139829.18064541992 44765095.822991766 
15898.702071511214 7731570.910952373 
352.6002657214027 5795576.845647057 
43706.23642559604 -126177368.06525587 
-135.5914006476311 -848220.0924984817 
1131.7071037588257 592873.4666459303 
-783.9934572729609 -4200281.269145889 
9.265366238457304 257112.0823847966 
102.17294448988214 212.65744860007828 
64068.98768414091 128204537.12333365 
691147.5837052858 -44439514.2744276 
77701.48662388738 -222.33787070700797 