2413.3539554954614 -1297355.5989998868 
1135.7731748317135 -953966.1656769402 
3566.5669562737685 -4731404.760260748 
-21421.383446747255 2943115.7434683484 
91771.6741690757 2158440.95434096 
55.87811050319107 12320.665690203627 
1934.2710709116018 32929.98216936246 
-332.7251324315755 29198.676901207724 
138452.60113538688 44776657.613603026 
15870.227576631445 7733612.417023893 
345.38215810683585 5797128.075124466 
42804.459745784574 -126210827.91298333 
328.1793001768692 -848249.6990455533 
1109.9181418035937 593028.254111152 
-797.2196983895307 -4201390.088726366 
-110.9486894274323 257097.17809418883 
-116.96808131359708 -521.4641130040511 
63166.35852382581 128238102.8849624 
689771.004712877 -44451076.21537462 
77555.13831809917 166.85140459874387 