2387.05855970763 -1298368.1351726304 
1115.143375233276 -954741.296444444 
3538.8587442923726 -4735110.091869468 
-21458.06673950342 2945424.1498067062 
91915.58792060483 2160128.7888728143 
-268.6674778051898 12295.59493496385 
1958.882138298602 32955.84792126312 
-344.5950927296348 29220.79180010678 
139829.18064541992 44811342.985436805 
15955.651061270752 7739736.935238454 
367.03648095053643 5801781.763556694 
45509.78978521898 -126311207.45616572 
-135.5914006476311 -848279.3055926249 
1175.2850276692898 593492.6165068172 
-836.89842173924 -4204716.547467796 
-79.46405580065172 257574.11539363783 
102.17294448988214 212.65744860007675 
60458.4710428805 128338800.16984864 
688394.4257204682 -44485762.038215674 
77408.79001231096 69.55408577230594 