2926.1141733581703 -1298540.9092021065 
1496.7946678043706 -954873.5608214387 
3996.044241985404 -4735742.350834448 
-21989.97448446783 2945818.044539045 
93714.50981471885 2160416.792384202 
-241.6220121128248 12834.616172619038 
2168.07621108811 32960.26152178573 
-421.7498346670207 29231.597943887016 
146023.78844056863 44817261.521106854 
16026.837298470173 7740781.991917922 
370.64553475781986 5802575.8453129865 
44157.12476550177 -126328335.71155001 
101.81502953633924 -848382.9285073755 
1055.4457369155136 593571.8529473473 
-711.2491311318271 -4205284.157491135 
-17.925908257398717 257402.71605164834 
430.88448319510076 -251.56648006135794 
74449.22302776462 128355982.64306335 
712484.5580876225 -44491680.650843315 
80262.58197518108 173.8012130863466 