2413.3539554954614 -1299726.2194043263 
1135.7731748317135 -955780.9559659371 
3566.5669562737685 -4740079.941408148 
-21494.750032259588 2948520.3456097418 
92059.50167213395 2162392.6304274444 
138.3023868989705 12546.302487361612 
1934.2710709115875 32990.54087420799 
-332.7251324315731 29305.73311633339 
138452.60113538688 44857865.42861068 
15927.176566390983 7747951.566811951 
345.38215810683585 5808023.615501507 
42804.459745784574 -126445843.5101167 
372.34793835063124 -852009.7305236463 
1109.9181418035937 594115.4517835426 
-797.2196983895307 -4209178.226255905 
129.4794219043469 257678.4454278923 
126.52194735693539 234.24925923549193 
63166.35852382581 128473862.40116431 
692524.1626976946 -44532285.08631201 
77847.83492967559 152.95178762353848 