2387.05855970763 -1300063.7314619075 
1115.143375233276 -956039.3328884384 
3538.8587442923726 -4741315.051944388 
-21458.06673950342 2949289.8143891944 
91915.58792060483 2162955.2419380625 
246.48424966843055 12521.231732121836 
1909.6600035245838 32999.16279150763 
165.81320008696812 29306.23572767201 
137076.02162535384 44869427.21922194 
15955.651061270752 7749993.072883471 
352.6002657214027 5809574.844978916 
43706.23642559604 -126479303.35784416 
361.30577880719073 -853253.2055006535 
1131.7071037588257 594270.2392487644 
-810.4459395061004 -4210287.045836382 
9.265366238457304 257663.5411372845 
-92.61907844654384 -499.8723023686376 
62263.729363510705 128507428.16279306 
691147.5837052858 -44543847.02725903 
77701.48662388738 -97.2413179301592 