2387.05855970763 -1302434.351866347 
1115.143375233276 -957854.1231774352 
3538.8587442923726 -4749990.233091788 
-21458.06673950342 2954694.4165305877 
91915.58792060483 2166906.918024547 
-80.63709727731849 12420.948711162731 
1909.6600035245524 33059.7214963481 
165.81320008698592 29413.29194279978 
137076.02162535384 44950635.0342296 
15955.651061270752 7764332.222671528 
352.6002657214027 5820470.385355958 
43706.23642559604 -126714318.95497753 
140.46258793838095 -856539.5322256009 
1131.7071037588257 595357.436921155 
-810.4459395061004 -4218075.183365921 
249.69347757023652 258244.80847098798 
102.17294448988214 212.65744860007544 
62263.729363510705 128743187.67899497 
691147.5837052858 -44625055.89819642 
77701.48662388738 -83.34170095495375 