2899.818777570339 -1302944.6379534043 
1476.164868205933 -958244.7644769312 
3968.336030004008 -4751857.602593008 
-22026.657777223998 2955857.780042379 
93858.42356624798 2167757.533046553 
82.9235761955562 12709.262396420158 
2143.4651437010625 33072.757014169176 
-409.87987436896316 29424.60069791897 
144647.2089305356 44968115.36051091 
16055.311793349942 7767418.785422517 
363.427427143253 5822815.69658966 
43255.348085690304 -126764907.05808929 
-361.9556712881611 -855932.5980106331 
1033.6567749602816 595591.4608269068 
-724.4753722483969 -4219751.612969737 
67.94127436109389 258371.49494115412 
-396.9816142847092 -57.24018434261927 
73546.59386744951 128793935.91383843 
713861.1370800313 -44642536.45177108 
80408.93028096929 -215.3880622194052 