2926.1141733581703 -1303282.1500109856 
1496.7946678043706 -958503.1413994324 
3996.044241985404 -4753092.7131292485 
-22063.341069980164 2956627.248821832 
94002.3373177771 2168320.144557171 
191.1054389650165 12734.333151659934 
2168.076211088063 33081.378931467894 
-421.74983466702395 29445.710374141643 
146023.78844056863 44979677.15112217 
16083.78628822971 7769460.291494037 
370.64553475781986 5824366.926067069 
44157.12476550177 -126798366.90581675 
101.81502953633924 -855902.9914635615 
1055.4457369155136 595746.2482921286 
-711.2491311318271 -4220860.432550213 
-52.27278130479571 258386.3992317619 
430.88448319510076 -251.56648006135956 
74449.22302776462 128827501.67546718 
715237.7160724401 -44654098.3927181 
80555.2785867575 173.8012130863466 