2439.6493512832926 -1303784.400096672 
1156.402974430151 -958887.6308674403 
3594.2751682551643 -4754930.6752367485 
-21604.799910528087 2957772.291648398 
92491.24292672132 2169157.3640670194 
164.0599732726515 12195.311914004746 
2008.1042730725508 33094.2091655433 
-368.33501332575304 29477.123582806536 
142582.339665486 44996882.19667464 
16069.549040789827 7772498.2469576085 
367.03648095053643 5826675.303265595 
45509.78978521898 -126848158.34588738 
339.2214597203097 -857013.2369787465 
1175.2850276692898 595976.5867820418 
-810.4459395061004 -4222510.4616878275 
-231.16274509332192 258244.80847098798 
102.17294448988214 212.65744860007499 
62263.729363510705 128877450.72550996 
693900.7416901034 -44671303.661984496 
77994.1832354638 180.7510215739493 