2387.05855970763 -1304804.9722707865 
1115.143375233276 -959668.9134664321 
3538.8587442923726 -4758665.414239189 
-21531.433325015754 2960099.018671981 
92203.41542366307 2170858.5941110314 
-163.06137367309788 12295.59493496385 
1909.6600035245265 33120.28020118398 
165.8132000870044 29520.348157929726 
137076.02162535384 45031842.849237256 
16012.60005103029 7778671.372459586 
352.6002657214027 5831365.925732999 
43706.23642559604 -126949334.5521109 
361.30577880719073 -860773.2684568395 
1131.7071037588257 596444.6345935456 
-810.4459395061004 -4225863.3208954595 
37.887760444621456 258736.65006104475 
-92.61907844654384 -499.87230236863917 
62263.729363510705 128978947.19519688 
693900.7416901034 -44706264.76913381 
77994.1832354638 -97.2413179301592 