2926.1141733581703 -1309373.4390501895 
1496.7946678043706 -963166.2296674312 
3996.044241985404 -4775383.517569009 
-22136.707655492497 2970514.328222429 
94290.16482083534 2178473.9427726124 
-30.409803848640603 12684.191641180381 
2118.8540763140163 33236.98401031974 
-89.39094632130319 29731.19361449567 
143270.62942050255 45188339.94358252 
16083.786288229712 7806304.615356232 
341.7731042995524 5852362.924730789 
40550.0180462559 -127402237.49099334 
422.0376562961135 -867656.7906509861 
968.2898890945855 598539.7934977966 
-684.7966488986875 -4240871.985931198 
-52.27278130479569 259757.59396767776 
430.88448319510076 -208.38285879053043 
76254.48134839482 129433283.754386 
720744.0320420754 -44862763.89838096 
81140.67180991035 -131.9903603681727 