2926.1141733581703 -1310394.011224304 
1496.7946678043706 -963947.5122664231 
3996.044241985404 -4779118.256571449 
-22136.707655492497 2972841.055246012 
94577.99232389359 2180175.1728166244 
214.28726670132926 11932.068983987096 
2168.0762110880223 33263.05504595502 
-421.7498346670318 29766.879019541182 
146023.78844056863 45223300.59614514 
16197.684267748788 7812477.740858209 
370.64553475781986 5857053.547198193 
44157.12476550177 -127503413.69721685 
377.86901812235146 -871416.8221290791 
1055.4457369155136 599007.8413093004 
-711.2491311318271 -4244224.84513883 
-141.00220334390468 259876.82829254 
-421.33061715176245 -35.64837370720622 
74449.22302776462 129534780.22407292 
717990.8740572578 -44897725.005530275 
81140.67180991035 159.90159611114112 