162.80123827823988 241.7974929886023 
67.61570170001632 82.56503641086506 
-186.39726030138223 2.603219674445488 
-203.99978151356453 236.79994062098575 
207.64856949360666 -14.646373716769318 
141.58213924669042 71.98937613006694 
0.6004197755179895 211.7992114865341 
-38.988317122028675 -8.41792715905849 
100.90152622298521 -221.74014822013072 
-168.89309656585797 -41.95941037365151 
226.95048521575106 -123.39182324836032 
-15.003916693771947 -74.37902690379295 
-29.62340107655905 109.38580271287319 
231.03775939239122 152.81031855967186 
244.75714909380196 119.78893811754682 
108.64706442701812 -11.920532743858896 
155.814752593977 -81.20939115537249 
-141.2013603322785 73.99620311891155 
175.77279480290179 -155.33225815411768 
64.98467918894345 4.779310310868248 