2926.1141733581703 -1311744.059454629 
1496.7946678043706 -964981.0199564281 
3996.044241985404 -4784058.6987164095 
-22136.707655492497 2975918.9303638223 
94290.16482083534 2182425.618859097 
-218.44018437651218 11982.210494466648 
2118.8540763140127 33297.54271514059 
-89.39094632128715 29838.249829633132 
143270.62942050255 45269547.75859018 
16083.786288229712 7820643.7651442895 
341.7731042995524 5863258.46510783 
40550.0180462559 -127637253.0881267 
377.86901812235146 -871416.8221290791 
968.2898890945855 599626.9911701872 
-684.7966488986875 -4248660.123460737 
193.8798088682164 260309.05272016567 
-421.33061715176245 -78.8319949780378 
76254.48134839482 129669043.2705879 
720744.0320420754 -44943972.76931835 
81140.67180991035 -118.0907433929673 