2439.6493512832926 -1315983.0501778217 
1156.402974430151 -968226.111066414 
3594.2751682551643 -4799571.09890371 
-21751.533081552752 2985583.0918200426 
93066.8979328378 2189491.7515222174 
-80.637097277319 12521.231732121836 
1958.882138298488 33405.82989069615 
-344.5950927296325 30034.01694605331 
139829.18064541992 45414758.34305302 
16126.498030549366 7846284.109256833 
352.6002657214027 5882741.168663387 
43706.23642559604 -128057492.84232281 
-135.5914006476311 -878300.3443232258 
1131.7071037588257 601571.0480250552 
-783.9934572729609 -4262586.369382201 
-231.16274509332186 260808.34645552633 
102.17294448988214 212.65744860007106 
64068.98768414091 130090613.25294895 
702160.2156445563 -45089185.24192674 
78872.27307019307 -222.33787070700797 