2926.1141733581703 -1316485.300263508 
1496.7946678043706 -968610.6005344219 
3996.044241985404 -4801409.06101121 
-22210.07424100483 2986728.134646609 
94577.99232389359 2190328.971032066 
80.34781755818764 12734.333151659934 
2118.8540763140204 33418.66012476554 
-89.39094632126438 30052.362259916077 
143270.62942050255 45431963.38860549 
16140.73527798925 7849322.064720404 
341.7731042995524 5885049.545861913 
40550.0180462559 -128107284.28239344 
377.86901812235146 -878936.8850852652 
968.2898890945855 601801.3865149685 
-684.7966488986875 -4264236.398519815 
-141.00220334390468 261128.78870359363 
-421.33061715176245 -78.83199497803939 
76254.48134839482 130140562.30299173 
723497.190026893 -45106390.511193134 
81433.36842148677 -118.0907433929673 