2413.3539554954614 -1317670.6104657277 
1135.7731748317135 -969517.9956789203 
3566.5669562737685 -4805746.65158491 
-21788.21637430892 2989430.4357173056 
93210.81168436693 2192304.809075308 
55.878110503190584 12170.24115876497 
1983.4932056854934 33448.93947716793 
-356.46505302769606 30098.35119740791 
141205.76015545297 45472567.29610932 
16211.921515188673 7856491.639614433 
374.2545885651033 5890497.316050434 
46411.566465030446 -128224792.08096012 
328.1793001768692 -878329.9508702974 
1197.0739896245218 602344.9853511638 
-823.6721806226702 -4268130.467284584 
252.555716990853 261464.1352422687 
-68.2700755794906 -521.4641130040591 
61361.1002031956 130258442.06109269 
700783.6366521475 -45146994.94666183 
78725.92476440486 -111.14093490536456 