2978.704964933833 -1318180.896552785 
1538.0542670012458 -969908.6369784162 
4051.4606659481956 -4807614.02108613 
-22356.807412029495 2990593.799229097 
95153.64733001008 2193155.424097314 
-107.68256296968434 11932.068983987096 
2168.0762110880337 33461.9749949815 
-421.7498346670444 30130.26701741629 
146023.78844056863 45490047.62239063 
16254.633257508325 7859578.202365422 
356.20931952868614 5892842.627284136 
42353.571405878836 -128275380.18407188 
399.9533372092325 -880209.9666093439 
1011.8678130050496 602579.0092569157 
-684.7966488986875 -4269806.8968884 
70.80351378171036 261650.43887486597 
430.88448319510076 -251.5664800613646 
76254.48134839482 130309190.29593615 
726250.3480117107 -45164475.50023649 
81726.06503306319 34.805043334292385 