2899.818777570339 -1319193.4327255287 
1476.164868205933 -970683.76774592 
3968.336030004008 -4811319.35269485 
-22246.757533760996 2992902.205567455 
94721.90607542271 2194843.2586291684 
-138.59166661810167 12709.262396420158 
2094.243008927027 33487.8407468626 
100.5284184477954 30172.988981207407 
141894.0499104695 45524732.99422441 
16226.158762628556 7865702.720579982 
348.9912119141193 5897496.3157163635 
41451.79472606737 -128375759.72725427 
410.995496752673 -883940.3915403653 
990.0788510498176 603043.3716525808 
-698.0228900152573 -4273133.355629831 
-261.2162590097943 261784.577490336 
-396.9816142847092 -57.24018434262473 
75351.85218807972 130409887.5808224 
724873.7690193019 -45199161.323077545 
81579.71672727498 187.70083006155195 