2926.1141733581703 -1319876.4928420621 
1496.7946678043706 -971206.6734224106 
3996.044241985404 -4813818.9811610505 
-22283.440826517162 2994459.463811585 
95153.64733001008 2195981.877162562 
80.3478175581876 12784.474662139486 
2168.0762110880437 33505.28986519438 
-421.7498346670509 30195.10388011119 
146023.78844056863 45548131.856175765 
16311.582247267863 7869834.340010439 
370.64553475781986 5900635.708706358 
44157.12476550177 -128443476.08575033 
377.86901812235146 -886456.9480414512 
1055.4457369155136 603356.6319988628 
-711.2491311318271 -4275377.395256986 
-17.92590825739866 261799.48178094378 
-421.33061715176245 -35.6483737072094 
74449.22302776462 130477818.28888057 
723497.190026893 -45222560.489279844 
81726.06503306319 159.90159611114112 