2926.1141733581703 -1321226.541072387 
1496.7946678043706 -972240.1811124156 
3996.044241985404 -4818759.423306011 
-22283.440826517162 2997537.3389293957 
94865.81982695183 2198232.3232050347 
3.075058437144356 12082.493515425753 
2118.8540763140372 33539.777534366374 
-89.39094632123584 30266.47469021082 
143270.62942050255 45594379.018620804 
16197.684267748788 7878000.364296519 
341.7731042995524 5906840.626615996 
40550.0180462559 -128577315.47666018 
377.86901812235146 -886456.9480414512 
968.2898890945855 603975.7818597497 
-684.7966488986875 -4279812.673578893 
70.80351378171036 262231.70620856946 
-421.33061715176245 -78.83199497804098 
76254.48134839482 130612081.33539556 
726250.3480117107 -45268808.25306792 
81726.06503306319 -118.0907433929673 