391.4597929253151 -13.312732107715883 
2252.6931375827935 400264.5410416323 
126015.45604710531 20081730.656230718 
-120.66441969706327 118.32078480422147 
21.398284226446602 -532.3373024609964 
2348.4426646482457 329557.45019972697 
-225.07076361145795 -195.53816084058658 
494.8136313436535 -11897.17998191849 
180.59432089955655 -156.68446925706476 
-1392.0071630310226 -34361.87668584659 
-94.22779114824539 4202.3212652853745 
-223.83553676526572 -99.10561665427181 
1394.1490468748193 -116946.87348535066 
-1084368322.6063554 -1977793812813.8706 
992570409.8712993 1977793818291.6523 
338.0857135797322 -74692.13389794025 
-86.47581519505015 57382.246094095506 
4039.4896573526335 -108951.08034807238 
-93.71492339156158 45.940814582657445 
-19868.931597852963 -52338.65988532157 