2413.3539554954614 -1323432.4234487214 
1135.7731748317135 -973928.858855906 
3566.5669562737685 -4826831.752882151 
-21861.58295982125 3002566.3670236752 
93498.63918742517 2201909.391292289 
138.30238689897 12546.302487361612 
1934.2710709114958 33596.12792238377 
-332.725132431569 30376.29526772608 
138452.60113538688 45669943.57868725 
16211.921515188673 7891343.064692525 
345.38215810683585 5916979.01927192 
42804.459745784574 -128795999.48145038 
372.34793835063124 -889610.0453045764 
1109.9181418035937 604987.4285074488 
-797.2196983895307 -4287059.601551294 
158.10181611051112 262477.62700359785 
126.52194735693539 234.24925923548415 
63166.35852382581 130831457.56318344 
706289.9526217828 -45344373.79568593 
79311.3179875577 152.95178762353848 