2360.763163919799 -1324107.4475638838 
1094.5135756348384 -974445.6127009084 
3511.150532310977 -4829301.973954631 
-21788.21637430892 3004105.3045825805 
93498.63918742517 2203034.614313525 
166.63573191001908 12220.382669244522 
1934.2710709115045 33613.37175696726 
-154.67572796058386 30384.839660484864 
138452.60113538688 45693067.15990977 
16268.87050494821 7895426.076835565 
359.81837333596957 5920081.478226739 
44608.01310540751 -128862919.1769053 
350.26361926375023 -892096.9952585907 
1153.4960657140577 605297.0034378922 
-823.6721806226702 -4289277.240712248 
129.47942190434696 262626.66990967566 
126.52194735693539 234.24925923548386 
61361.1002031956 130898589.08644094 
703536.7946369651 -45367497.67757997 
79018.62137598128 13.95561787148421 