2926.1141733581703 -1324617.7336509412 
1496.7946678043706 -974836.2540004044 
3996.044241985404 -4831169.343455851 
-22356.807412029495 3005268.668094372 
95441.47483306832 2203885.229335531 
3.0750584371442993 11932.068983987096 
2168.0762110880746 33626.40727477683 
-421.74983466706124 30409.21631041448 
146023.78844056863 45710547.48619108 
16368.5312370274 7898512.639586554 
370.64553475781986 5922426.789460441 
44157.12476550177 -128913507.28001706 
377.86901812235146 -893977.0109976372 
1055.4457369155136 605531.0273436441 
-711.2491311318271 -4290953.670316064 
-52.27278130479565 262783.16496105737 
-421.33061715176245 -35.64837370721109 
74449.22302776462 130949337.3212844 
726250.3480117107 -45384978.23115463 
82018.76164463961 159.90159611114112 