2899.818777570339 -1326650.8419977995 
1476.164868205933 -976392.6673669 
3968.336030004008 -4838609.414067011 
-22393.49070478566 3009903.8014563126 
95297.5610815392 2207274.2939113975 
82.92357619555565 12709.262396420158 
2143.465143701073 33678.34406226744 
-409.8798743690011 30495.162849342585 
144647.2089305356 45780193.510587476 
16340.056742147632 7910810.283303091 
363.427427143253 5931771.100360073 
43255.348085690304 -129115063.02942297 
-361.9556712881611 -893532.9127915632 
1033.6567749602816 606463.437550813 
-724.4753722483969 -4297632.988265126 
219.63996365376414 263006.7293201741 
-396.9816142847092 -57.240184342627316 
73546.59386744951 131151531.07585756 
727626.9270041195 -45454625.161145 
81872.4133388514 -215.3880622194052 