2952.4095691460016 -1327325.866112962 
1517.4244674028082 -976909.4212119025 
4023.7524539667997 -4841079.635139491 
-22466.857290297994 3011442.739015218 
95585.38858459744 2208399.5169326337 
216.86302533869696 11957.139739226872 
2192.6872784750963 33695.587896848025 
-433.6197949651337 30537.382201799468 
147400.36795060168 45803317.091809995 
16397.00573190717 7914893.295446131 
363.427427143253 5934873.559314892 
43255.348085690304 -129181982.7248779 
388.91117766579197 -894006.6175447088 
1033.6567749602816 606773.0124812564 
-698.0228900152573 -4299850.6274260795 
67.94127436109395 263498.57091023086 
-396.9816142847092 -57.24018434262757 
75351.85218807972 131218662.59911506 
730380.0849889371 -45477749.04303904 
82165.10995042782 -104.19112641776186 