2439.6493512832926 -1327490.604141067 
1156.402974430151 -977035.5337574091 
3594.2751682551643 -4841682.486710751 
-21971.63283808975 3011818.3130623316 
93930.38044201254 2208674.124931864 
164.05997327265098 12195.311914004746 
2008.1042730725294 33699.79621362058 
-368.3350133257667 30547.68573424437 
142582.339665486 45808960.346751206 
16354.293989587517 7915889.744838183 
367.03648095053643 5935630.707036008 
45509.78978521898 -129198314.31722106 
339.2214597203097 -894613.5517596765 
1175.2850276692898 606848.5635059479 
-810.4459395061004 -4300391.836983217 
9.26536623845736 263342.07585884916 
102.17294448988214 212.65744860006714 
62263.729363510705 131235045.88752909 
707666.5316141916 -45483392.37135842 
79457.66629334592 180.7510215739493 