2360.763163919799 -1328848.6883727629 
1094.5135756348384 -978075.1932789022 
3511.150532310977 -4846652.336249432 
-21861.58295982125 3014914.508865367 
93786.46669048342 2210937.966486494 
-271.2432364425587 12270.524179724074 
1934.271070911496 33734.48916652493 
-154.67572796055066 30598.95209080005 
138452.60113538688 45855482.78992508 
16325.819494707748 7924104.37641168 
359.81837333596957 5941872.558980822 
44608.01310540751 -129332950.37117204 
350.26361926375023 -899617.0582147767 
1153.4960657140577 607471.3987826734 
-823.6721806226702 -4304853.515771326 
-82.32629522126808 263848.8217395137 
126.52194735693539 234.24925923548227 
61361.1002031956 131370108.11884476 
706289.9526217828 -45529915.41945475 
79311.3179875577 13.95561787148421 