2439.6493512832926 -1329861.2245455065 
1156.402974430151 -978850.324046406 
3594.2751682551643 -4850357.667858152 
-21971.63283808975 3017222.915203725 
94218.20794507078 2212625.8010183484 
24.969006854773134 12621.51475308094 
2008.1042730725267 33760.35491839264 
-368.33501332576736 30654.741949405772 
142582.339665486 45890168.16175886 
16354.293989587517 7930228.89462624 
367.03648095053643 5946526.247413049 
45509.78978521898 -129433329.91435443 
-312.26595334267887 -901600.6968685738 
1175.2850276692898 607935.7611783386 
-810.4459395061004 -4308179.974512756 
249.69347757023658 263982.96035498375 
-92.61907844654384 -499.8723023686478 
62263.729363510705 131470805.403731 
707666.5316141916 -45564601.24229581 
79750.36290492234 194.65063854915465 