2926.1141733581703 -1330709.022690145 
1496.7946678043706 -979499.3422684032 
3996.044241985404 -4853460.147895612 
-22430.173997541828 3019155.747494969 
95441.47483306832 2214039.0275509725 
219.438783976065 12032.3520049462 
2118.8540763140763 33782.01235348726 
-89.39094632114646 30694.699550840105 
143270.62942050255 45919210.27865143 
16311.582247267863 7935356.963448749 
341.7731042995524 5950422.788124161 
40550.0180462559 -129517377.86519365 
377.86901812235146 -901497.0739538232 
968.2898890945855 608324.5725493121 
-684.7966488986875 -4310965.223697049 
-52.272781304795636 264154.35969697323 
-421.33061715176245 -78.83199497804425 
76254.48134839482 131555119.40020321 
731756.663981346 -45593643.73681749 
82311.45825621604 -118.0907433929673 