2926.1141733581703 -1331729.5948642597 
1496.7946678043706 -980280.624867395 
3996.044241985404 -4857194.886898052 
-22503.54058305416 3021482.474518552 
95729.30233612657 2215740.2575949845 
-107.68256296968454 11982.210494466648 
2168.0762110880964 33808.08338909733 
-421.7498346670781 30730.384955895246 
146023.78844056863 45954170.93121405 
16425.48022678694 7941530.088950726 
370.64553475781986 5955113.410591565 
44157.12476550177 -129618554.07141717 
101.81502953633924 -901023.3692006776 
1055.4457369155136 608792.6203608159 
-711.2491311318271 -4314318.082904681 
-141.00220334390463 264273.5940218355 
430.88448319510076 -251.56648006136922 
74449.22302776462 131656615.86989014 
731756.663981346 -45628604.843966804 
82311.45825621604 173.8012130863466 