2952.4095691460016 -1334437.7273262804 
1517.4244674028082 -982353.7920788932 
4023.7524539667997 -4867105.178581692 
-22540.223875810327 3027656.545439398 
96161.04359071393 2220254.545192087 
106.1054039318686 11906.99822874732 
2192.6872784751304 33877.26401114202 
-433.6197949651571 30858.550847293805 
147400.36795060168 46046940.536832966 
16453.954721666712 7957910.744810304 
363.427427143253 5967560.180446016 
43255.348085690304 -129887029.516278 
-85.90168270214892 -908987.5303629376 
1033.6567749602816 610034.6054984282 
-698.0228900152573 -4323215.040014696 
-261.21625900979427 264839.95706493116 
406.5354803280475 -229.97466942595477 
75351.85218807972 131925941.1477208 
733133.2429737548 -45721375.655851215 
82750.50317358067 -90.2915094425565 