232.46047905138633 -390.8174533901135 
2054.530643539371 411599.2427496924 
113405.43562671919 20394190.373157516 
-134.08676160169134 262.29495439021275 
186.05952242687854 -606.4512699339939 
2235.3069349007483 340546.49854743446 
-132.30222161212376 -221.3177660228642 
481.9176093888358 -12377.605923962119 
229.06534720789463 139.24095216387246 
-1272.9562553115695 -36271.1092949936 
185.74869941456893 4398.188897812439 
-236.6524097068156 -173.99477703206554 
1367.5685547071876 -118973.63522558055 
-1141742320.4977362 -2007640679054.7332 
1141742805.4058967 2007640684610.7427 
421.44671940187493 -64046.23816233761 
1030.3717990771463 59444.19940297313 
2612.199065688278 -110928.88186403984 
-248.91070945591 -36.2817381314167 
-799.223610560467 -51539.54985541937 