2926.1141733581703 -1340191.5043079031 
1496.7946678043706 -986758.5034243907 
3996.044241985404 -4888160.872485213 
-22576.907168566493 3040774.1560605424 
96017.12983918481 2229845.7318969104 
80.34781755818739 12734.333151659934 
2118.8540763140963 34024.24717248223 
-89.39094632102567 31122.924411530315 
143270.62942050255 46244041.53868206 
16425.48022678694 7992713.562600979 
341.7731042995524 5994004.949632326 
40550.0180462559 -130457440.25372712 
377.86901812235146 -916537.1998661952 
968.2898890945855 612673.3632388746 
-684.7966488986875 -4342117.773815204 
-169.62459755006878 266047.20460416144 
-421.33061715176245 -78.83199497804645 
76254.48134839482 132498157.46501087 
737262.9799509812 -45918479.220567055 
82896.85147936888 -118.0907433929673 