2926.1141733581703 -1341212.0764820178 
1496.7946678043706 -987539.7860233826 
3996.044241985404 -4891895.611487653 
-22650.273754078826 3043100.8830841254 
96304.95734224305 2231546.9619409223 
108.68116256923662 11932.068983987096 
2168.076211088139 34050.318208077515 
-421.7498346671187 31158.60981659093 
146023.78844056863 46279002.19124468 
16539.378206306024 7998886.688102956 
370.64553475781986 5998695.57209973 
44157.12476550177 -130558616.45995064 
101.81502953633924 -916063.4951130496 
1055.4457369155136 613141.4110503783 
-711.2491311318271 -4345470.633022836 
-17.925908257398603 266196.24751023925 
430.88448319510076 -251.56648006137112 
74449.22302776462 132599653.93469779 
737262.9799509812 -45953440.32771637 
82896.85147936888 173.8012130863466 