-201.8426490022151 -78.29529569322509 
2072.9643639155033 418208.736328817 
114846.58081762046 20576391.947222248 
-143.807770918416 182.07921870713292 
241.64848232650633 -342.93494197347985 
2254.9827139872696 346954.4346683483 
-78.20881797905342 -236.35019892644348 
485.3565485767872 -12657.751997583468 
172.9901942924413 257.31591151415785 
-1336.4500727619445 -37384.42140467523 
218.68711006901725 5909.16777730676 
-244.10920808584305 -217.66248022641918 
1403.0092109306966 -120155.48094622612 
-1187641518.8108408 -2025044989803.8806 
1187642004.0319266 2025044995405.5063 
437.3250062251402 -57838.40126280465 
1184.4197458733113 60646.56603832888 
2457.8973801029433 -112082.17788869605 
-158.53784837031168 -174.45068408712066 
-799.223610560467 -49941.32979561497 