2926.1141733581703 -1342562.1247123426 
1496.7946678043706 -988573.2937133876 
3996.044241985404 -4896836.053632613 
-22650.273754078826 3046178.758201936 
96304.95734224305 2233797.407983395 
-246.77352938756206 12734.333151659934 
2118.8540763140977 34084.805877208746 
-89.39094632098974 31229.980626713656 
143270.62942050255 46325249.353689715 
16482.429216546483 8007052.712389036 
341.7731042995524 6004900.4900093675 
40550.0180462559 -130692455.85086049 
422.0376562961135 -920297.2313442882 
968.2898890945855 613760.5609112652 
-684.7966488986875 -4349905.911344743 
70.80351378171042 266628.4719378649 
430.88448319510076 -208.38285879053996 
76254.48134839482 132733916.98121278 
740016.1379357988 -45999688.09150445 
83189.5480909453 -131.9903603681727 