-407.36107385935935 -5.0047680117768465 
2307.9942987111917 419745.1536958942 
130338.8916198091 20618745.82189519 
-146.06747901485392 161.44118880849376 
219.32867252113127 -439.008603139984 
2407.4700019078095 348443.9987666309 
-65.63460561085189 -239.84453910813912 
505.13044890750774 -12722.873672591939 
159.95518029892867 217.20070098757617 
-1455.5009804813976 -37643.217640697716 
180.73633257584854 6105.035409833802 
-245.83876482982538 -227.8129140800235 
1429.5897030983283 -120430.20824093759 
-1130267520.91946 -2029090728706.0947 
1038469608.4973292 2029090734318.3242 
353.9640004029975 -56395.35145721146 
67.57213160111486 60926.063545670346 
3885.1879717672987 -112350.26863126965 
-137.53457983156042 -102.6555489498704 
15392.037888084102 -50740.43982551717 