2899.818777570339 -1345270.2571743634 
1476.164868205933 -990646.4609248857 
3968.336030004008 -4906746.345316254 
-22613.59046132266 3052352.8291227818 
96161.04359071393 2238311.6955804974 
-105.1068043323167 12107.564270665529 
2094.243008927097 34153.98649920633 
100.52841844833472 31350.607348052683 
141894.0499104695 46418018.95930863 
16510.903711426254 8023433.368248614 
348.9912119141193 6017347.259863818 
41451.79472606737 -130960931.29572132 
-85.90168270214892 -924086.8693694528 
990.0788510498176 615002.5460488775 
-698.0228900152573 -4358802.868454759 
191.01756944760004 267194.8349809606 
406.5354803280475 -229.97466942595554 
75351.85218807972 133003242.25904344 
738639.55894339 -46092458.90338886 
83043.19978515709 201.6004470367574 