2899.818777570339 -1345615.8052333156 
1476.164868205933 -990910.9896788751 
3968.336030004008 -4908010.863246214 
-22686.957046834992 3053140.6185874594 
96448.87109377218 2238887.702603273 
-215.86442573914502 12057.422760185977 
2143.4651437011353 34162.81370023175 
-409.879874369068 31351.612570730456 
144647.2089305356 46429856.03064873 
16567.852701185795 8025523.481607551 
363.427427143253 6018935.423376404 
43255.348085690304 -130995187.80648991 
-361.9556712881611 -923613.1646163072 
1033.6567749602816 615161.0189299379 
-724.4753722483969 -4359938.088501438 
67.941274361094 267165.026399745 
-396.9816142847092 -57.240184342630876 
73546.59386744951 133037607.20547287 
738639.55894339 -46104296.12864414 
83043.19978515709 -215.3880622194052 