2413.3539554954614 -1351879.8683019956 
1135.7731748317135 -995706.3423238685 
3566.5669562737685 -4930933.926650954 
-22301.782472895247 3067421.5927203954 
95225.60420577464 2249329.5043301024 
-54.879510903639606 12270.524179724074 
1934.2710709114199 34322.832379246815 
-332.7251324315596 31660.969849860838 
138452.60113538688 46644437.35877913 
16553.615453745908 8063412.862149214 
345.38215810683585 6047725.503796416 
42804.459745784574 -131616186.6470508 
372.34793835063124 -934730.4230416925 
1109.9181418035937 618033.8005761361 
-797.2196983895307 -4380517.251905762 
6.403126817841012 268394.63037488697 
126.52194735693539 234.24925923547949 
63166.35852382581 133660571.7576064 
722808.9005306886 -46318880.24693464 
81067.49765701624 152.95178762353848 