2387.05855970763 -1352217.3803595768 
1115.143375233276 -995964.7192463698 
3538.8587442923726 -4932169.037187194 
-22265.09918013908 3068191.061499848 
95081.69045424552 2249892.1158407205 
-163.06137367310046 12295.59493496385 
1909.660003524386 34331.45429652323 
165.81320008808152 31661.47246119976 
137076.02162535384 46655999.14939039 
16582.08994862568 8065454.368220734 
352.6002657214027 6049276.733273826 
43706.23642559604 -131649646.49477826 
361.30577880719073 -935973.8980186996 
1131.7071037588257 618188.5880413578 
-810.4459395061004 -4381626.071486238 
-113.81092884804859 268379.7260842792 
-92.61907844654384 -499.8723023686503 
62263.729363510705 133694137.51923515 
721432.3215382798 -46330442.187881656 
80921.14935122803 -97.2413179301592 