2899.818777570339 -1352727.666446634 
1476.164868205933 -996355.3605458657 
3968.336030004008 -4934036.4066884145 
-22760.323632347325 3069354.4250116395 
97024.52609988867 2250742.7308627265 
-244.19777075019638 12809.545417379262 
2143.465143701164 34344.48981430959 
-409.87987436911885 31672.78121632731 
144647.2089305356 46673479.4756717 
16681.750680704878 8068540.930971723 
363.427427143253 6051622.044507528 
43255.348085690304 -131700234.59789002 
388.91117766579197 -937853.9137577461 
1033.6567749602816 618422.6119471097 
-724.4753722483969 -4383302.501090054 
-261.2162590097942 268685.2640417387 
406.5354803280475 -229.97466942595557 
73546.59386744951 133744885.75407861 
741392.7169282077 -46347922.741456315 
83628.59300830994 -229.2876791946107 