2387.05855970763 -1352892.4044747392 
1115.143375233276 -996481.4730913723 
3538.8587442923726 -4934639.2582596745 
-22265.09918013908 3069729.9990587533 
95369.51795730376 2251017.3388619567 
-191.39471868414984 12571.373242601388 
1958.8821382984452 34348.69813107514 
-344.5950927296552 31683.08474877688 
139829.18064541992 46679122.73061291 
16639.03893838522 8069537.3803637745 
367.03648095053643 6052379.192228644 
45509.78978521898 -131716566.19023319 
339.2214597203097 -938460.8479727139 
1175.2850276692898 618498.1629718012 
-836.89842173924 -4383843.710647192 
-202.5403508871576 268841.7590931204 
-92.61907844654384 -499.8723023686503 
60458.4710428805 133761269.04249264 
718679.1635534621 -46353566.06977569 
80921.14935122803 55.65446879710046 