2899.818777570339 -1354752.7387921214 
1476.164868205933 -997905.6220808732 
3968.336030004008 -4941447.069905855 
-22760.323632347325 3073971.237688355 
96736.69859683042 2254118.399926435 
111.25692120660351 12057.422760185977 
2094.243008927121 34396.22131796035 
100.5284184486894 31778.832208859152 
141894.0499104695 46742850.21933926 
16624.801690945336 8080789.967400843 
348.9912119141193 6060929.421371983 
41451.79472606737 -131900993.6842548 
-85.90168270214892 -939126.9952818248 
990.0788510498176 619351.33673844 
-698.0228900152573 -4389955.418572915 
73.6657532023269 269087.6798881488 
406.5354803280475 -229.97466942595645 
75351.85218807972 133946280.3238511 
744145.8749130253 -46417294.38713843 
83628.59300830994 201.6004470367574 