2926.1141733581703 -1357806.4193130943 
1496.7946678043706 -1000243.3180463607 
3996.044241985404 -4952621.879519455 
-22870.373510615824 3080933.098073879 
97456.26735447603 2259208.6945463135 
214.2872667013283 11932.068983987096 
2168.076211088246 34474.22914090853 
-421.74983466725956 31908.00332299365 
146023.78844056863 46847456.896298274 
16767.17416534419 8099260.736619358 
370.64553475781986 6074964.35473902 
44157.12476550177 -132203725.63988422 
377.86901812235146 -946617.4516909393 
1055.4457369155136 620751.7947571126 
-711.2491311318271 -4399987.595729609 
70.80351378171048 269713.6600936756 
-421.33061715176245 -35.64837370721813 
74449.22302776462 134249970.5481112 
745522.4539054341 -46521902.42427812 
84067.63792567457 159.90159611114112 