2413.3539554954614 -1357971.1573411995 
1135.7731748317135 -1000369.4305918673 
3566.5669562737685 -4953224.731090715 
-22375.14905840758 3081308.6721209926 
95801.25921189113 2259483.3025455438 
161.48421463528175 12170.24115876497 
1983.493205685473 34478.437457672284 
-356.4650530277616 31918.306855444443 
141205.76015545297 46853100.151239485 
16724.46242302453 8100257.186011409 
374.2545885651033 6075721.502460136 
46411.566465030446 -132220057.23222739 
151.50474748182143 -946750.6811527614 
1197.0739896245218 620827.3457818042 
-823.6721806226702 -4400528.8052867465 
12.127605659073893 269557.1650422939 
77.8239416228289 234.2492592354767 
61361.1002031956 134266353.83652523 
722808.9005306886 -46527545.752597496 
81360.19426859266 -125.04055188057004 