-11.834863674321099 158.17061594886266 
2298.7774385231255 435978.99757444573 
129618.31902435847 21066258.459948916 
-169.94336182630443 -56.623000802050726 
-16.50338169697632 -433.5187078423401 
2397.632112364549 364182.7892390508 
67.22493792746427 -226.65800201158288 
499.97204012558063 -13410.951748153146 
22.22668729583286 -206.65860794091526 
-1407.8806173936164 -40377.66843640699 
-220.25301452178311 5937.148867667766 
-236.24463229195865 -259.60482546917063 
1411.8693749865738 -123332.98720392669 
-1107317921.7629077 -2071838158616.2815 
1015520009.1843143 2071838164340.5508 
346.02485699136525 -41148.032756604174 
-471.5956821854629 61411.22903011214 
3190.8303866332867 -115182.92553393403 
84.38538274464436 -116.20181217566761 
7476.310044302308 -57133.320064734784 