2978.704964933833 -1360852.0638326963 
1538.0542670012458 -1002574.8621803601 
4051.4606659481956 -4963767.2817393355 
-23017.10668164049 3087876.6377741774 
97744.09485753428 2264285.593654034 
185.95392169027886 12834.616172619038 
2168.0762110882806 34552.03168009094 
-421.749834667295 32057.278890701044 
146023.78844056863 46951788.29252845 
16767.17416534419 8117682.898550455 
356.20931952868614 6088962.3540708795 
42353.571405878836 -132505660.93247251 
399.9533372092325 -947890.533215018 
1011.8678130050496 622148.5673599467 
-684.7966488986875 -4409993.372420101 
70.80351378171048 270443.9703334569 
430.88448319510076 -251.56648006137547 
76254.48134839482 134552861.5875706 
751028.7698750694 -46626235.17710955 
84360.334537251 34.805043334292385 