2413.3539554954614 -1361362.3499197536 
1135.7731748317135 -1002965.5034798561 
3566.5669562737685 -4965634.651240556 
-22448.515643919913 3089040.001285969 
95801.25921189113 2265136.20867604 
161.48421463528166 12320.665690203627 
1934.2710709113767 34565.06719786741 
-332.7251324315793 32089.19471073427 
138452.60113538688 46969268.61880976 
16667.51343326499 8120769.461301444 
345.38215810683585 6091307.665304582 
42804.459745784574 -132556249.03558427 
372.34793835063124 -949770.5489540645 
1109.9181418035937 622382.5912656985 
-797.2196983895307 -4411669.802023917 
-110.94868942743213 270287.4752820752 
126.52194735693539 234.24925923547482 
63166.35852382581 134603609.82241407 
728315.2165003238 -46643715.730684206 
81652.89088016908 152.95178762353848 