2439.6493512832926 -1363049.9102076597 
1156.402974430151 -1004257.3880923623 
3594.2751682551643 -4971810.203921756 
-22485.19893667608 3092887.345183232 
96233.0004664785 2267949.266229131 
-191.39471868415012 12571.373242601388 
2008.1042730724866 34608.1767842099 
-368.3350133258872 32153.528962142027 
142582.339665486 47027077.57186606 
16752.936917904302 8130976.991659044 
367.03648095053643 6099063.812691628 
45509.78978521898 -132723548.27422158 
-312.26595334267887 -954241.1375618759 
1175.2850276692898 623156.5285918071 
-810.4459395061004 -4417213.899926301 
160.96405553112766 270734.6040003086 
-92.61907844654384 -499.8723023686562 
62263.729363510705 134771438.6305578 
726938.637507915 -46701525.4354193 
81799.2391859573 194.65063854915465 