2899.818777570339 -1364235.2204098795 
1476.164868205933 -1005164.7832368608 
3968.336030004008 -4976147.794495456 
-22907.05680337199 3095589.6462539285 
97312.35360294691 2269925.104272373 
188.52968032764693 12709.262396420158 
2094.243008927143 34638.45613651809 
100.52841844918282 32207.057069760394 
141894.0499104695 47067681.479369886 
16738.69967046442 8138146.566553073 
348.9912119141193 6104511.582880149 
41451.79472606737 -132841056.07278827 
-85.90168270214892 -954167.1211941969 
990.0788510498176 623700.1274280024 
-698.0228900152573 -4421107.968691071 
-49.41054188417912 271010.33337655256 
406.5354803280475 -229.97466942596174 
75351.85218807972 134889318.38865876 
749652.1908826606 -46742129.870887995 
84213.98623146278 201.6004470367574 