2899.818777570339 -1366951.3888732712 
1476.164868205933 -1007244.102279847 
3968.336030004008 -4986087.493572816 
-22980.423388884323 3101782.0378599996 
97888.0086090634 2274452.787381633 
-27.834045211274876 12759.40390689971 
2143.465143701253 34707.842042131364 
-409.8798743693053 32315.118507680992 
144647.2089305356 47160726.36571764 
16852.5976499835 8154575.829700068 
363.427427143253 6116995.286769776 
43255.348085690304 -133110328.18069023 
388.91117766579197 -960414.1026263041 
1033.6567749602816 624945.7979814534 
-724.4753722483969 -4430031.326267288 
67.94127436109406 271561.79212904046 
406.5354803280475 -229.97466942596267 
73546.59386744951 135159442.8512901 
749652.1908826606 -46835175.96708067 
84506.6828430392 -229.2876791946107 