-4.079483437949959 -157.1178097040095 
2335.6448792753904 442588.4911535703 
132500.60940616098 21248460.034013648 
-179.66409576874747 -145.40637509973186 
-112.52058475619118 -455.47844579247106 
2436.9836705375915 370590.72535996465 
121.32382410064632 -211.6103355708964 
506.84991850148344 -13691.097821774494 
-33.83975038209413 -146.10584959082922 
-1439.6275261187993 -41490.98054608862 
-171.5614509456421 3922.510361675336 
-228.80424559332818 -259.6048255636275 
1411.8693749865738 -124514.83292457226 
-1107317921.7629077 -2089242469365.429 
1015520009.1843143 2089242475135.3145 
346.0248569913687 -34940.19585707121 
760.7878921838578 61537.793939096955 
3036.52870104795 -116336.22155859024 
174.7266699524527 -99.93790249399319 
7476.310044302308 -49142.21976571278 