2439.6493512832926 -1367791.1510165387 
1156.402974430151 -1007886.9686703561 
3594.2751682551643 -4989160.566216556 
-22558.56552218841 3103696.5494660186 
96520.82796953674 2275852.6184020997 
241.33273239369336 12571.373242601388 
2008.104273072447 34729.294193418864 
-368.33501332593386 32367.641392626516 
142582.339665486 47189493.20188137 
16809.885907663844 8159655.291235159 
367.03648095053643 6120854.893445711 
45509.78978521898 -133193579.46848832 
-312.26595334267887 -961761.2005180619 
1175.2850276692898 625330.9239365883 
-810.4459395061004 -4432790.174985379 
-231.16274509332175 271435.1056588743 
-92.61907844654384 -499.8723023686578 
62263.729363510705 135242957.66296163 
729691.7954927327 -46863943.17729408 
82091.93579753372 194.65063854915465 