2413.3539554954614 -1369824.259363397 
1135.7731748317135 -1009443.3820368517 
3566.5669562737685 -4996600.636827717 
-22595.248814944578 3108331.6828279593 
96376.91421800762 2279241.682977966 
-188.81896004678228 12596.443997841165 
1983.4932056853893 34781.23098073876 
-356.46505302785476 32453.587931631966 
141205.76015545297 47259139.22627777 
16838.360402543614 8171952.934951697 
374.2545885651033 6130199.204345343 
46411.566465030446 -133395135.21789423 
328.1793001768692 -961050.6433883435 
1197.0739896245218 626263.3341437572 
-823.6721806226702 -4439469.492934441 
129.47942190434708 272120.70302683226 
-68.2700755794906 -521.464113004074 
61361.1002031956 135445151.4175348 
731068.3744851415 -46933590.10728446 
81945.58749174551 -111.14093490536456 