2439.6493512832926 -1370507.3194799304 
1156.402974430151 -1009966.2877133423 
3594.2751682551643 -4999100.265293917 
-22631.932107700744 3109888.9410720896 
96520.82796953674 2280380.30151136 
30.120524129507526 12571.373242601388 
1958.8821382983206 34798.68009900565 
-344.5950927297363 32496.309895466933 
139829.18064541992 47282538.08822913 
16809.885907663844 8176084.554382154 
352.6002657214027 6133338.597335338 
43706.23642559604 -133462851.57639028 
361.30577880719073 -963567.1998894294 
1131.7071037588257 626576.5944900393 
-783.9934572729609 -4441713.5325615965 
-113.81092884804855 272165.4158986556 
-92.61907844654384 -499.8723023686585 
64068.98768414091 135513082.12559298 
735198.1114623679 -46956989.273486756 
82384.63240911014 -236.23748768221333 