-430.69665041417466 -309.25875635504036 
2335.6448792753904 445777.28191542864 
132500.60940616098 21336364.302202772 
-184.35405455933557 -188.2407918910247 
-158.84468592777608 -455.4784525399943 
2436.9836705375915 373682.2734884757 
147.4272859921694 -204.34977447295674 
506.84991850148344 -13826.256015188303 
-60.83992995052005 -62.87052252572382 
-1439.6275261187993 -42028.10480953151 
-92.79568633717837 3922.5103616753468 
-225.20578830651985 -259.6069351242373 
1411.8693749865738 -125085.02164944512 
-1107317921.7629077 -2097639285954.93 
1015520009.1843143 2097639291746.8232 
346.0248569913687 -31945.18682659472 
760.7878921838578 62117.88310527736 
3036.5287010479497 -116892.63630732789 
218.30759536133795 49.08073968304148 
7476.310044302308 -47543.99970590838 