2899.818777570339 -1373717.7020276375 
1476.164868205933 -1012423.9443928483 
3968.336030004008 -5010848.519085057 
-23053.789974396655 3117208.054819502 
97888.0086090634 2285731.808618311 
-27.834045211275182 12659.120885940605 
2094.243008927179 34880.69095484185 
100.52841844987026 32635.281930774232 
141894.0499104695 47392512.73940051 
16852.5976499835 8195503.165705303 
348.9912119141193 6148093.744388314 
41451.79472606737 -133781118.46132174 
-85.90168270214892 -969207.2471065689 
990.0788510498176 628048.9181175649 
-698.0228900152573 -4452260.518809226 
-172.48683697068512 272932.9868649563 
406.5354803280475 -229.97466942596452 
75351.85218807972 135832356.45346642 
755158.5068522958 -47066965.35463756 
84799.37945461563 201.6004470367574 