2926.1141733581703 -1374400.762144171 
1496.7946678043706 -1012946.8500693389 
3996.044241985404 -5013348.147551257 
-23163.839852665154 3118765.313063632 
98319.74986365077 2286870.4271517047 
191.10543896501474 12734.333151659934 
2168.0762110883943 34898.14007310045 
-421.749834667582 32657.396829703426 
146023.78844056863 47415911.60135187 
16938.021134622813 8199634.78513576 
370.64553475781986 6151233.137378309 
44157.12476550177 -133848834.8198178 
101.81502953633924 -968703.9358063517 
1055.4457369155136 628362.1784638469 
-711.2491311318271 -4454504.558436382 
-141.0022033439045 273067.12548042636 
430.88448319510076 -251.56648006138036 
74449.22302776462 135900287.1615246 
756535.0858447046 -47090364.52083986 
84945.72776040384 173.8012130863466 