2926.1141733581703 -1375750.8103744958 
1496.7946678043706 -1013980.3577593439 
3996.044241985404 -5018288.589696217 
-23163.839852665154 3121843.1881814427 
98319.74986365077 2289120.873194177 
-107.68256296968674 12032.3520049462 
2118.854076314257 34932.627742125995 
-89.39094632002997 32728.767639885707 
143270.62942050255 47462158.76379691 
16881.072144863272 8207800.80942184 
341.7731042995524 6157438.055287946 
40550.0180462559 -133982674.21072765 
422.0376562961135 -972937.6720375903 
968.2898890945855 628981.3283247338 
-684.7966488986875 -4458939.836758289 
193.87980886821657 273499.349908052 
430.88448319510076 -208.3828587905496 
76254.48134839482 136034550.20803958 
759288.2438295223 -47136612.28462794 
85238.42437198026 -131.9903603681727 