2978.704964933833 -1377446.4066637729 
1538.0542670012458 -1015278.3942033383 
4051.4606659481956 -5024493.549771138 
-23237.206438177487 3125708.852763931 
98607.57736670901 2291947.3262594254 
80.3478175581856 12834.616172619038 
2168.0762110884257 34975.94261214323 
-421.74983466765593 32806.672397483635 
146023.78844056863 47520242.99758205 
16938.021134622813 8218056.9470668575 
356.20931952868614 6165231.136710169 
42353.571405878836 -134150770.11240609 
-372.9978308316016 -976164.7856683945 
1011.8678130050496 629758.951066681 
-684.7966488986875 -4464510.335126874 
-141.0022033439045 273618.58423291426 
-421.33061715176245 -35.648373707225275 
76254.48134839482 136203178.200984 
759288.2438295223 -47194697.27367129 
85531.12098355668 20.905426359086903 