2926.1141733581703 -1378121.4307789353 
1496.7946678043706 -1015795.1480483408 
3996.044241985404 -5026963.770843618 
-23163.839852665154 3127247.790322836 
98319.74986365077 2293072.5492806616 
219.438783976064 12032.3520049462 
2118.854076314266 34993.18644665023 
-89.3909463199142 32835.823855166294 
143270.62942050255 47543366.57880457 
16881.072144863272 8222139.959209898 
341.7731042995524 6168333.595664987 
40550.0180462559 -134217689.80786102 
377.86901812235146 -976697.7035156833 
968.2898890945855 630068.5259971244 
-684.7966488986875 -4466727.9742878275 
99.4259079878747 273618.58423291426 
-421.33061715176245 -78.83199497805681 
76254.48134839482 136270309.7242415 
759288.2438295223 -47217821.15556533 
85238.42437198026 -118.0907433929673 