2387.05855970763 -1378294.2048084114 
1115.143375233276 -1015927.4124253355 
3538.8587442923726 -5027596.029808598 
-22631.932107700744 3127641.685055175 
96520.82796953674 2293360.5527920495 
164.05997327264933 12295.59493496385 
1909.6600035240417 34997.60004714876 
165.81320009009613 32839.09082887209 
137076.02162535384 47549285.11447462 
16866.834897423385 8223185.015889366 
352.6002657214027 6169127.67742128 
43706.23642559604 -134234818.06324562 
140.46258793838095 -976860.5395245771 
1131.7071037588257 630147.7624376545 
-810.4459395061004 -4467295.584311167 
160.9640555311277 273789.98357490374 
102.17294448988214 212.6574486000537 
62263.729363510705 136287492.1974562 
735198.1114623679 -47223739.76819297 
82384.63240911014 -83.34170095495375 