2952.4095691460016 -1380154.5391257936 
1517.4244674028082 -1017351.5614148364 
4023.7524539667997 -5034403.841454778 
-23273.889730933653 3131882.9236847768 
98751.49111823813 2296461.613856528 
-138.59166661810426 12709.262396420158 
2143.465143701372 35045.123233904575 
-409.87987436960185 32934.83828902532 
144647.2089305356 47613012.603200965 
16966.495629502584 8234437.602926435 
348.9912119141193 6177677.906564619 
41451.79472606737 -134419245.55727044 
410.995496752673 -979214.2600167692 
990.0788510498176 631000.9362042933 
-671.5704077821177 -4473407.29223689 
-261.21625900979416 274304.1816008722 
-396.9816142847092 -57.240184342642124 
77157.11050870993 136472503.47881466 
763417.9808067487 -47287468.0855557 
85677.4692893449 48.704660309497825 