-422.9422950354202 -469.7158883387782 
2344.8617394634566 456097.3683810793 
133221.1820016116 21620854.479251213 
-199.76087047286484 -199.18955886719428 
-220.3383143326535 -521.3533338704108 
2446.821560080852 383687.64743165695 
231.90755287246654 -180.85198652514376 
508.56938809545915 -14263.677077509356 
-148.2338340039912 206.5149936941935 
-1455.5009804813928 -43766.43424394669 
162.11897003203256 3866.548180953358 
-213.3287856383166 -259.2242860018084 
1429.5897030983283 -126930.35970448819 
-1130267520.91946 -2124814437826.4058 
1038469608.4973292 2124814443689.5244 
353.9640004030012 -22252.248509779452 
837.8118655819403 63995.26258855213 
2959.3778582552804 -118693.39676687882 
166.01048865183984 35.533591371114845 
8195.921666464288 -44347.55958629958 