2978.704964933833 -1382187.647472652 
1538.0542670012458 -1018907.9747813321 
4051.4606659481956 -5041843.912065938 
-23310.57302368982 3136518.0570467175 
98895.40486976726 2299850.6784323943 
-2.0764588375942252 11932.068983987096 
2168.076211088497 35097.06002114494 
-421.7498346678196 33020.78482806668 
146023.78844056863 47682658.62759736 
16994.970124382355 8246735.246642972 
356.20931952868614 6187022.217464251 
42353.571405878836 -134620801.30667984 
-372.9978308316016 -983684.8486245805 
1011.8678130050496 631933.3464114622 
-684.7966488986875 -4480086.610185952 
70.80351378171054 274840.7360627523 
-421.33061715176245 -35.648373707227336 
76254.48134839482 136674697.23338783 
762041.4018143399 -47357115.015546076 
85823.8175951331 20.905426359086903 