2899.818777570339 -1385916.3521087873 
1476.164868205933 -1021762.4245918221 
3968.336030004008 -5055488.942752019 
-23273.889730933653 3145018.8549911464 
99039.31862129638 2306066.196073509 
-110.25832160705514 12057.422760185977 
2143.4651437014677 35192.3116783381 
-409.87987436986265 33171.56822990802 
144647.2089305356 47810388.8857789 
17080.393609021667 8269289.028004527 
363.427427143253 6204159.609786106 
43255.348085690304 -134990452.95777062 
388.91117766579197 -990494.3544510482 
1033.6567749602816 633643.3793605783 
-724.4753722483969 -4492336.4265036 
-172.4868369706851 275377.29052463244 
406.5354803280475 -229.9746694259693 
73546.59386744951 137045518.9809054 
760664.8228219311 -47484846.934579805 
85677.4692893449 -229.2876791946107 