2413.3539554954614 -1391159.8430033526 
1135.7731748317135 -1025776.4946378237 
3566.5669562737685 -5074677.267154319 
-22888.71515699391 3156973.1021004994 
97816.05173329884 2314806.767756326 
133.15086962423158 12546.302487361612 
1983.4932056851305 35326.259321174904 
-356.46505302829905 33417.09386928377 
141205.76015545297 47990009.56134668 
17123.10535134132 8301005.283044213 
374.2545885651033 6228259.067738715 
46411.566465030446 -135510275.592117 
151.50474748182143 -999391.1218460635 
1197.0739896245218 636048.1131952727 
-823.6721806226702 -4509562.730700292 
129.47942190434713 276517.4687561277 
77.8239416228289 234.2492592354643 
61361.1002031956 137566987.06335202 
742081.006424412 -47664469.945720986 
83409.07054962762 -125.04055188057004 