2899.818777570339 -1392682.6652631536 
1476.164868205933 -1026942.2667048234 
3968.336030004008 -5080249.968264259 
-23347.256316445986 3160444.8719506487 
99039.31862129638 2317345.2173101865 
-105.10680433231929 12107.564270665529 
2094.2430089273057 35365.1605906068 
100.52841845213283 33491.73165321968 
141894.0499104695 48042175.25946177 
17080.393609021667 8310216.364009762 
348.9912119141193 6235258.067404645 
41451.79472606737 -135661243.23841378 
-85.90168270214892 -999287.4989313129 
990.0788510498176 636746.4994966898 
-698.0228900152573 -4514565.619045538 
-143.86444276452093 276867.71958541055 
406.5354803280475 -229.97466942597177 
75351.85218807972 137718432.58308172 
766171.1387915664 -47716636.3221367 
85970.16590092132 201.6004470367574 