2439.6493512832926 -1393867.9754653734 
1156.402974430151 -1027849.6618493218 
3594.2751682551643 -5084587.55883796 
-22998.765035262408 3163147.1730213454 
97959.96548482796 2319321.0553534287 
-80.63709727732235 12621.51475308094 
2008.104273072251 35395.43994279525 
-368.3350133265738 33545.25976089466 
142582.339665486 48082779.1669656 
17151.57984622109 8317385.938903791 
367.03648095053643 6240705.837593165 
45509.78978521898 -135778751.0369825 
339.2214597203097 -999894.4331462807 
1175.2850276692898 637290.0983328851 
-810.4459395061004 -4518459.687810307 
249.69347757023675 277173.25754287007 
102.17294448988214 212.657448600048 
62263.729363510705 137836312.34118268 
746210.7434016385 -47757240.757605396 
83555.41885541583 180.7510215739493 