2413.3539554954614 -1396921.6559863463 
1135.7731748317135 -1030187.3578148093 
3566.5669562737685 -5095762.36845156 
-22962.08174250624 3170109.033406869 
97816.05173329884 2324411.349973307 
-188.81896004678404 12446.019466402508 
1934.2710709106684 35473.44776535603 
-332.725132432049 33695.03794013126 
138452.60113538688 48187385.84392461 
17066.15636158178 8335856.708122306 
345.38215810683585 6254740.7709602015 
42804.459745784574 -136081482.9926172 
328.1793001768692 -1006171.0211254596 
1109.9181418035937 638690.5563515577 
-797.2196983895307 -4528491.864967002 
252.55571699085323 277739.62058596575 
-116.96808131359708 -521.464113004083 
63166.35852382581 138140002.56544277 
747587.3223940473 -47861848.79474509 
83701.76716120404 166.85140459874387 