2360.763163919799 -1397596.6801015087 
1094.5135756348384 -1030704.1116598118 
3511.150532310977 -5098232.58952404 
-22962.08174250624 3171647.9709657743 
97816.05173329884 2325536.5729945432 
27.54476549213815 12446.019466402508 
1934.2710709106552 35490.69159981091 
-154.67572795891388 33703.58233290726 
138452.60113538688 48210509.42514713 
17123.10535134132 8339939.720265346 
359.81837333596957 6257843.22991502 
44608.01310540751 -136148402.68807328 
-323.3081128861194 -1006970.3978963927 
1153.4960657140577 639000.1312820012 
-823.6721806226702 -4530709.504127955 
12.127605659074007 277709.8120047502 
-116.96808131359708 -521.464113004083 
61361.1002031956 138207134.08870026 
744834.1644092296 -47884972.676639125 
83409.07054962762 0.05600089627881388 