2952.4095691460016 -1398444.4782461473 
1517.4244674028082 -1031353.129881809 
4023.7524539667997 -5101335.0695615 
-23567.356072982984 3173580.8032570183 
99902.80113047111 2326949.7995271673 
216.86302533869514 11957.139739226872 
2192.687278476116 35512.34903474801 
-433.6197949670211 33749.068659157354 
147400.36795060168 48239551.5420397 
17251.24057830029 8345067.789087854 
363.427427143253 6261739.770626131 
43255.348085690304 -136232450.63891396 
388.91117766579197 -1006807.561887499 
1033.6567749602816 639388.9426529747 
-698.0228900152573 -4533494.753312248 
-261.2162590097941 278030.2542528175 
-396.9816142847092 -57.240184342647694 
75351.85218807972 138291448.08517247 
771677.4547612016 -47914015.1711608 
86555.55912407416 -104.19112641776186 