-170.84882550217378 -720.0800964884307 
2109.831804667768 474969.2118898955 
117728.871199423 22141087.92098867 
-228.43133198154038 54.05600207260937 
53.86986360394813 -617.4228832296147 
2294.334272160312 401983.9913558451 
141.49468732425575 -137.88267448502336 
495.6733661405815 -15063.567840278874 
-202.4419409229102 -164.99049714915978 
-1304.7031640367545 -46945.23329395872 
-93.5117387429092 1935.8529460439343 
-191.12076603505247 -259.7977245142479 
1438.4498671542055 -130304.84024896302 
-1233540717.1239455 -2174508325096.9978 
1233541202.6579566 2174508331090.3628 
453.20329304836446 -4527.2405203880735 
2108.7074266503014 67428.33574476525 
1377.785581005585 -121986.36041622618 
-91.90920302524773 261.77099798972904 
-9434.563076504233 -38753.78937698418 