2360.763163919799 -1399967.3005059483 
1094.5135756348384 -1032518.9019488087 
3511.150532310977 -5106907.77067144 
-22962.08174250624 3177052.5731071676 
98103.87923635708 2329488.2490810277 
-271.24323644256395 12270.524179724074 
1934.2710709105747 35551.25030413045 
-154.67572795878476 33810.63854828318 
138452.60113538688 48291717.24015479 
17180.054341100862 8354278.870053403 
359.81837333596957 6268738.770292061 
44608.01310540751 -136383418.28521073 
350.26361926375023 -1012418.0025575669 
1153.4960657140577 640087.3289543918 
-823.6721806226702 -4538497.641657494 
252.55571699085323 278350.6965008848 
126.52194735693539 234.24925923546272 
61361.1002031956 138442893.60490218 
747587.3223940473 -47966181.54757652 
83701.76716120404 13.95561787148421 