2439.6493512832926 -1400979.836678692 
1156.402974430151 -1033294.0327163124 
3594.2751682551643 -5110613.10228016 
-23072.13162077474 3179360.9794455254 
98535.62049094445 2331176.083612882 
24.969006854769937 12621.51475308094 
2008.104273072157 35577.11605579721 
-368.3350133269509 33866.42840700561 
142582.339665486 48326402.61198857 
17208.528835980633 8360403.388267963 
367.03648095053643 6273392.458724289 
45509.78978521898 -136483797.82839486 
-312.26595334267887 -1014401.641211364 
1175.2850276692898 640551.6913500569 
-810.4459395061004 -4541824.100398924 
-108.0864500068156 278365.60079149256 
-92.61907844654384 -499.8723023686685 
62263.729363510705 138543590.88978842 
748963.9013864561 -48000867.37041757 
84140.81207856868 194.65063854915465 