2899.818777570339 -1402510.6949398639 
1476.164868205933 -1034465.9566148003 
3968.336030004008 -5116215.210783821 
-23567.356072982984 3182851.0699809 
99902.80113047111 2333727.9286789 
0.4992997997727899 12007.281249706424 
2143.4651437018883 35616.2226089042 
-409.879874370985 33920.961737381294 
144647.2089305356 48378843.590832494 
17251.24057830029 8369663.076520929 
363.427427143253 6280428.392425396 
43255.348085690304 -136635562.13773277 
-361.9556712881611 -1013853.9200905394 
1033.6567749602816 641253.7630673125 
-724.4753722483969 -4546853.389210372 
102.28814740849117 278760.56449259876 
-396.9816142847092 -57.24018434265008 
73546.59386744951 138695835.5943188 
771677.4547612016 -48053309.03114155 
86555.55912407416 -215.3880622194052 