2439.6493512832926 -1403696.0051420836 
1156.402974430151 -1035373.3517592987 
3594.2751682551643 -5120552.801357521 
-23145.498206287073 3185553.3710515965 
98535.62049094445 2335703.766722142 
-191.39471868415234 12471.090221642284 
1958.8821382976666 35646.50196103906 
-344.59509273059496 33995.09691001754 
139829.18064541992 48419447.49833632 
17208.528835980633 8376832.651414958 
352.6002657214027 6285876.162613916 
43706.23642559604 -136753069.9363015 
361.30577880719073 -1016207.6405827315 
1131.7071037588257 641797.3619035078 
-783.9934572729609 -4550747.457975142 
9.265366238457588 279095.91103127383 
-92.61907844654384 -499.8723023686712 
64068.98768414091 138813715.35241976 
754470.2173560914 -48093913.466610245 
84433.5086901451 -236.23748768221333 