2926.1141733581703 -1404198.25522777 
1496.7946678043706 -1035757.8412273065 
3996.044241985404 -5122390.763465021 
-23604.03936573915 3186698.413878163 
100046.71488200023 2336540.9862319906 
-30.409803848644657 12684.191641180381 
2118.8540763146925 35659.332194992996 
-89.39094631789177 34013.44222392487 
143270.62942050255 48436652.54388879 
17222.76608342052 8379870.606878529 
341.7731042995524 6288184.539812442 
40550.0180462559 -136802861.376373 
422.0376562961135 -1018058.0497747064 
968.2898890945855 642027.7003934211 
-684.7966488986875 -4552397.487112756 
-169.62459755006861 279237.50179204775 
430.88448319510076 -208.3828587905608 
76254.48134839482 138863664.40246254 
775807.1917384281 -48111118.73587664 
86994.6040414388 -131.9903603681727 