2360.763163919799 -1407079.1617192668 
1094.5135756348384 -1037963.2728157993 
3511.150532310977 -5132933.314113641 
-23108.814913530907 3193266.3795313477 
98391.70673941533 2341343.277340481 
-193.97047732152058 12546.302487361612 
1934.2710709103105 35732.926416923816 
-154.67572795836548 34131.807194489505 
138452.60113538688 48535340.68517776 
17237.003330860403 8397296.31941742 
359.81837333596957 6301425.391423185 
44608.01310540751 -137088465.07662308 
-323.3081128861194 -1022010.5238087648 
1153.4960657140577 643348.9219715636 
-823.6721806226702 -4561862.054246111 
-110.94868942743202 279632.46549315396 
-116.96808131359708 -521.4641130040902 
61361.1002031956 139150172.15350792 
750340.4803788649 -48209808.16038869 
83994.46377278047 0.05600089627881388 