2899.818777570339 -1409277.0080942302 
1476.164868205933 -1039645.7987278015 
3968.336030004008 -5140976.236296061 
-23640.722658495317 3198277.086940402 
100190.62863352936 2345006.9499155777 
0.49929979977263805 12107.564270665529 
2094.2430089276145 35789.07152065506 
100.52841845567707 34241.125160949414 
141894.0499104695 48610629.964515366 
17308.18956805983 8410590.412525773 
348.9912119141193 6311526.850043934 
41451.79472606737 -137306352.41837594 
410.995496752673 -1026821.5877078995 
990.0788510498176 644356.883203424 
-698.0228900152573 -4569082.5817523105 
191.0175694476002 280385.1321688469 
-396.9816142847092 -57.2401843426569 
75351.85218807972 139368749.19649512 
777183.7707308369 -48285098.418698445 
87140.95234722701 187.70083006155195 