2413.3539554954614 -1411145.3784129834 
1135.7731748317135 -1041076.0995487906 
3566.5669562737685 -5147813.455335962 
-23182.18149904324 3202536.646255229 
98679.53424247357 2348121.4064922137 
27.544765492137845 12496.16097688206 
1934.271070910108 35836.7999908995 
-332.7251324327561 34337.37523258008 
138452.60113538688 48674632.73397055 
17237.003330860403 8421891.606850058 
345.38215810683585 6320114.013222449 
42804.459745784574 -137491576.5754419 
328.1793001768689 -1028731.2099940176 
1109.9181418035937 645213.7423859014 
-797.2196983895307 -4575220.690144235 
-82.32629522126786 280705.5744169142 
-116.96808131359708 -521.4641130040939 
63166.35852382581 139554559.66265425 
755846.7963485002 -48349102.02036944 
84579.85699593331 166.85140459874387 