2387.05855970763 -1412157.914585727 
1115.143375233276 -1041851.2303162944 
3538.8587442923726 -5151518.786944682 
-23218.864791799406 3204845.052593587 
98823.4479940027 2349809.241024068 
164.0599732726483 12195.311914004746 
1958.8821382973883 35862.66574250702 
-344.59509273133375 34359.49013154714 
139829.18064541992 48709318.10580433 
17322.426815499715 8428016.125064509 
367.03648095053643 6324767.701654677 
45509.78978521898 -137591956.11862603 
-135.59140064763093 -1028760.8165410892 
1175.2850276692898 645678.1047815665 
-836.89842173924 -4578547.148885665 
249.6934775702368 280899.33019481535 
102.17294448988214 212.65744860003707 
60458.4710428805 139655256.9475405 
754470.2173560914 -48383787.843210496 
84433.5086901451 69.55408577230594 