2413.3539554954614 -1414866.0470477478 
1135.7731748317135 -1043924.3975277925 
3566.5669562737685 -5161429.078628322 
-23255.548084555572 3211019.123514433 
99255.18924859006 2354323.5286211707 
133.15086962423075 12546.302487361612 
1983.4932056846396 35931.846363842196 
-356.46505302991545 34487.656023297786 
141205.76015545297 48802087.71142325 
17407.850300139027 8444396.780923795 
374.2545885651033 6337214.471509128 
46411.566465030446 -137860431.56349152 
151.50474748182165 -1036991.4366269936 
1197.0739896245218 646920.0899191789 
-823.6721806226702 -4587444.105995681 
158.10181611051135 281435.8846566955 
77.8239416228289 234.2492592354518 
61361.1002031956 139924582.22537115 
755846.7963485002 -48476558.65509491 
84872.55360750973 -125.04055188057004 