2952.4095691460016 -1415038.8210772239 
1517.4244674028082 -1044056.6619047872 
4023.7524539667997 -5162061.337593302 
-23787.455829519982 3211413.018246772 
101054.11114270409 2354611.5321325585 
188.52968032764542 12809.545417379262 
2192.6872784771895 35936.25996431178 
-433.6197949692495 34498.46216711309 
147400.36795060168 48808006.2470933 
17422.087547578914 8445441.837603245 
363.427427143253 6338008.553265421 
43255.348085690304 -137877559.81887612 
-85.90168270214782 -1036828.6006180998 
1033.6567749602816 646999.326359709 
-698.0228900152573 -4588011.71601902 
219.63996365376437 281264.485314706 
406.5354803280475 -229.97466942598413 
75351.85218807972 139941764.69858587 
779936.9287156545 -48482477.26772255 
87726.34557037985 -90.2915094425565 