2360.763163919799 -1416561.6433370248 
1094.5135756348384 -1045222.4339717869 
3511.150532310977 -5167634.038703242 
-23255.548084555572 3214884.788096921 
98967.36174553182 2357149.981686419 
-160.48561503573524 12320.665690203627 
1934.2710709098362 35975.16123355957 
-154.67572795772597 34560.03205629593 
138452.60113538688 48860171.945208386 
17350.901310379486 8454652.91856863 
359.81837333596957 6345007.552931351 
44608.01310540751 -138028527.4651729 
-323.30811288611795 -1037050.6497211368 
1153.4960657140577 647697.712661126 
-823.6721806226702 -4593014.604364267 
-234.02498451393802 281555.1189815577 
-116.96808131359708 -521.4641130040957 
61361.1002031956 140093210.21831557 
755846.7963485002 -48534643.64413826 
84579.85699593331 0.05600089627881388 