2952.4095691460016 -1417409.4414816634 
1517.4244674028082 -1045871.4521937841 
4023.7524539667997 -5170736.518740702 
-23860.822415032315 3216817.620388165 
101054.11114270409 2358563.208219043 
-133.44014934336994 12859.686927858815 
2192.6872784773873 35996.818668410735 
-433.61979496972157 34605.5183825941 
147400.36795060168 48889214.062100954 
17479.036537338456 8459780.987391047 
363.427427143253 6348904.093642462 
43255.348085690304 -138112575.41601357 
388.9111776657883 -1036887.813712243 
1033.6567749602816 648086.5240320996 
-698.0228900152573 -4595799.853548559 
-20.788147678014795 281845.75264840946 
-396.9816142847092 -57.24018434265986 
75351.85218807972 140177524.21478778 
782690.0867004722 -48563686.13865994 
87726.34557037985 -104.19112641776186 