2899.818777570339 -1421130.1101164278 
1476.1648682059247 -1048719.750172786 
3968.336030004008 -5184352.142033063 
-23787.455829519982 3225300.097647369 
100766.28363964584 2364765.330348 
-27.834045211277044 12659.120885940605 
2094.2430089279733 36091.8650412169 
100.52841845955194 34776.40623832416 
141894.0499104695 49016669.03955365 
17422.087547578914 8482286.161464784 
348.9912119141193 6366004.55192914 
41451.79472606737 -138481430.4040632 
-85.90168270206124 -1044407.876668429 
990.0788510498176 649792.8715653771 
-698.0228900152573 -4608023.269400005 
219.63996365376443 282427.0199821129 
406.5354803280475 -229.97466942598612 
75351.85218807972 140547546.77750468 
782690.0867004722 -48691142.773385406 
87726.34557037985 201.6004470367574 