2899.818777570339 -1423846.2785798195 
1476.1648682218008 -1050799.0692157056 
3968.336030004008 -5194291.841110423 
-23860.822415032315 3231492.48925344 
101341.93864576233 2369293.01345726 
-244.19777075019957 12809.545417379262 
2143.465143703056 36161.25094614709 
-409.87987437447975 34884.467676528446 
144647.2089305356 49109713.925901406 
17535.985527097997 8498715.424611486 
363.427427143253 6378488.2558187675 
43255.348085690304 -138750702.51196983 
388.9111776681905 -1050654.8581005726 
1033.6567749602816 651038.542118828 
-724.4753722483969 -4616946.626976223 
102.28814740849123 283157.3302218942 
406.5354803280475 -229.97466942598703 
73546.59386744951 140817671.24013603 
782690.0867004722 -48784188.86957808 
88019.04218195628 -229.2876791946107 