2978.704964933833 -1427229.4351570026 
1538.0542670993004 -1053388.9902719238 
4051.4606659481956 -5206672.353866544 
-24044.238878813147 3239205.497733191 
101773.6799003497 2374932.524075599 
-246.77352938756798 12734.333151659934 
2168.076211090843 36247.675401630426 
-421.74983467366553 35054.85292098811 
146023.78844056863 49225607.11274284 
17564.460021977768 8519179.09261374 
356.20931952868614 6394037.484628037 
42353.571405878836 -139086097.65229142 
399.95333715463426 -1053171.414601782 
1011.8678130050496 652590.1021868838 
-684.7966488986875 -4628061.223247192 
222.50220307438084 283753.50184620544 
430.88448319510076 -251.56648006140304 
76254.48134839482 141154128.04122418 
789572.9816625162 -48900083.563356526 
88458.08709932091 34.805043334292385 