2439.6493512832926 -1427402.2091864788 
1156.402974373652 -1053521.2546488584 
3594.2751682551643 -5207304.612831524 
-23512.331133848736 3239599.39246553 
99974.75800623567 2375220.527586987 
-191.3947186841533 12471.090221642284 
1958.8821382965598 36252.08900208687 
-344.59509273322516 35065.65906481202 
139829.18064541992 49231525.64841289 
17493.27378477834 8520224.14929319 
352.6002657214027 6394831.566384329 
43706.23642559604 -139103225.907676 
361.30577874180915 -1053807.955363869 
1131.7071037588257 652669.338627414 
-783.9934572729609 -4628628.833270531 
249.69347757023687 284073.94409427274 
-92.61907844654384 -499.8723023686829 
64068.98768414091 141171310.5144389 
768236.0072801795 -48906002.17598417 
85896.99174802721 -236.23748768221333 