2952.4095691460016 -1427566.9472145839 
1517.424467526003 -1053647.3671943618 
4023.7524539667997 -5207907.464402784 
-24007.55558605698 3239974.9665126437 
101629.76614882058 2375495.135586217 
-138.59166661810676 12709.262396420158 
2143.4651437033085 36256.297318800855 
-409.8798743751547 35075.96259729557 
144647.2089305356 49237168.9033541 
17535.985527097997 8521220.598685224 
348.9912119141193 6395588.714105446 
41451.79472606737 -139119557.50001946 
410.99549670866486 -1054414.889578851 
990.0788510498176 652744.8896521055 
-671.5704077821177 -4629170.042827669 
191.01756944760027 284230.43914565444 
-396.9816142847092 -57.24018434266225 
77157.11050870993 141187693.80285293 
790949.5606549251 -48911645.504303545 
88604.43540510912 48.704660309497825 