2926.1141733581703 -1427904.459272165 
1496.7946679122924 -1053905.7441168476 
3996.044241985404 -5209142.574939024 
-23970.872293300814 3240744.4352920963 
101485.85239729146 2376057.747096835 
-30.409803848645527 12684.191641180381 
2118.854076315766 36264.91923597068 
-89.39094631441472 35084.00437874619 
143270.62942050255 49248730.69396536 
17507.511032218226 8523262.104756707 
341.7731042995524 6397139.943582855 
40550.0180462559 -139153017.3477475 
422.0376562598545 -1055658.364555859 
968.2898890945855 652899.6771173272 
-684.7966488986875 -4630278.862408145 
70.80351378171065 284215.53485504666 
430.88448319510076 -208.38285879057176 
76254.48134839482 141221259.56448168 
789572.9816625162 -48923207.44525056 
88458.08709932091 -131.9903603681727 