2387.05855970763 -1430447.8537060807 
1115.1433751134973 -1055852.7987826918 
3538.8587442923726 -5218450.015051404 
-23438.964548336404 3246542.9321658285 
99686.93050317743 2380297.4266947075 
-273.81899507993313 12245.453424484298 
1909.6600035211259 36329.8915403293 
165.81320010616807 35194.32756803395 
137076.02162535384 49335857.04464307 
17493.27378477834 8538646.31122396 
352.6002657214027 6408829.565716189 
43706.23642559604 -139405161.20026955 
140.46258772268294 -1059581.2320428458 
1131.7071037588257 654066.111230248 
-810.4459395061004 -4638634.609961024 
249.69347757023687 284625.40284676064 
102.17294448988214 212.6574486000332 
62263.729363510705 141474201.5538983 
765482.8492953619 -49010334.928815596 
85604.29513645079 -83.34170095495375 