2978.704964933833 -1431970.6759658817 
1538.0542671335656 -1057018.5708496175 
4051.4606659481956 -5224022.716161344 
-24117.60546432548 3250014.702015978 
102061.50740340794 2382835.876248568 
185.95392169027681 12834.616172619038 
2168.076211091381 36368.79280942546 
-421.7498346752212 35268.965352141786 
146023.78844056863 49388022.742758155 
17621.40901173731 8547857.392189344 
356.20931952868614 6415828.565382119 
42353.571405878836 -139556128.84656632 
399.9533371594586 -1060691.4775580307 
1011.8678130050496 654764.497531665 
-684.7966488986875 -4643637.49830627 
-264.0784984304105 284945.84509482794 
430.88448319510076 -251.56648006140307 
76254.48134839482 141625647.073628 
792326.1396473339 -49062501.30523131 
88750.78371089733 34.805043334292385 