2360.763163919799 -1433155.9861681014 
1094.5135755027136 -1057925.9659940808 
3511.150532310977 -5228360.306735044 
-23475.64784109257 3252717.0030866745 
100118.6717577648 2384811.71429181 
-54.87951090364278 12320.665690203727 
1934.2710709084722 36399.07216135127 
-154.67572795653615 35309.42556507886 
138452.60113538688 49428626.65026198 
17578.69726941765 8555026.967083246 
359.81837333596957 6421276.33557064 
44608.01310540751 -139673636.64513505 
350.2636191822148 -1065058.4432510915 
1153.4960657140577 655308.0963678603 
-823.6721806226702 -4647531.567071039 
158.1018161105114 285132.1487274252 
126.52194735693539 234.2492592354489 
61361.1002031956 141743526.83172897 
766859.4282877707 -49103105.74070001 
85750.643442239 13.95561787148421 