-132.06522055208126 -1381.2637105186607 
2072.9643639155033 509640.0641733735 
114846.58081762046 23096847.055117704 
-223.30202888030436 288.15687355473733 
-44.6933841297691 -644.8712784772721 
2274.658493073791 435597.55100765626 
-142.32148103626346 -58.94053449114319 
492.2344269526051 -16533.106015708952 
77.03902579773941 24.65674554167923 
-1209.4624378611934 -52785.23892193781 
174.29163105580966 648.7227997503878 
-136.01679128357856 -262.7496738260715 
1296.6872422601696 -136504.3467484895 
-1049943923.8715272 -2265804621833.8555 
1049944408.1538367 2265804628066.404 
-388.3459084870683 20739.744754357824 
-1511.4193230595765 67945.14245645325 
760.5788386642378 -128036.1062297737 
64.18696898372318 -377.6507968307526 
-13752.232809476121 -40352.00943678858 