2387.05855970763 -1433493.4982256826 
1115.1433751134505 -1058184.342916572 
3538.8587442923726 -5229595.417271284 
-23512.331133848736 3253486.471866127 
100262.58550929392 2385374.325802428 
-163.06137367310401 12295.594934963983 
1958.8821382961132 36407.69407850733 
-344.59509273487765 35322.99607128224 
139829.18064541992 49440188.44087324 
17607.17176429742 8557068.47315473 
367.03648095053643 6422827.565048049 
45509.78978521898 -139707096.4928631 
339.22145963171624 -1066301.9182280987 
1175.2850276692898 655462.883833082 
-836.89842173924 -4648640.386651516 
249.69347757023687 285296.0959241108 
-92.61907844654384 -499.8723023686829 
60458.4710428805 141777092.5933577 
765482.8492953619 -49114667.681647025 
85896.99174802721 55.65446879710046 