2439.6493512832926 -1434514.0703997973 
1156.4029743349242 -1058965.6255155336 
3594.2751682551643 -5233330.1562737245 
-23585.69771936107 3255813.19888971 
100262.58550929392 2387075.55584644 
-80.63709727732407 12521.231732122047 
1958.8821382960214 36433.76511371419 
-344.5950927348023 35386.82771157492 
139829.18064541992 49475149.09343586 
17550.22277453788 8563241.598656597 
352.6002657214027 6427518.187515453 
43706.23642559604 -139808272.69908836 
-135.59140103972277 -1066301.9182280987 
1131.7071037588257 655930.9316445858 
-783.9934572729609 -4651993.245859148 
-113.81092884804838 285355.7130865419 
102.17294448988214 212.65744860003326 
64068.98768414091 141878589.06304464 
770989.1652649972 -49149628.78879634 
86189.68835960364 -222.33787070700797 