2360.763163919799 -1435526.606572541 
1094.5135755027136 -1059740.7562830073 
3511.150532310977 -5237035.487882445 
-23549.014426604903 3258121.605228068 
100118.6717577648 2388763.3903782945 
243.90849103105955 12496.160976882276 
1934.2710709082191 36459.630865172694 
-154.67572795637884 35416.48178068919 
138452.60113538688 49509834.46526964 
17578.69726941765 8569366.116871048 
359.81837333596957 6432171.875947681 
44608.01310540751 -139908652.2422725 
-323.30811339820036 -1067130.9015461034 
1153.4960657140577 656395.2940402509 
-823.6721806226702 -4655319.704600578 
-82.3262952212678 285832.6503859909 
-116.96808131359708 -521.4641130040985 
61361.1002031956 141979286.34793088 
766859.4282877707 -49184314.6116374 
85750.643442239 0.05600089627881388 