2978.704964933833 -1436711.9167747607 
1538.0542671335566 -1060648.1514274706 
4051.4606659481956 -5241373.078456145 
-24190.972049837812 3260823.9062987645 
102349.33490646619 2390739.2284215367 
-107.6825629696894 11932.068983987272 
2168.076211092022 36489.91021706814 
-421.74983467709706 35483.077783367284 
146023.78844056863 49550438.37277347 
17678.35800149685 8576535.691764949 
356.20931952868614 6437619.646136202 
42353.571405878836 -140026160.04084122 
399.9533371594609 -1068211.5405142168 
1011.8678130050496 656938.8928764462 
-684.7966488986875 -4659213.773365348 
188.15533002698385 286138.1883434504 
430.88448319510076 -251.56648006140304 
76254.48134839482 142097166.10603184 
795079.2976321515 -49224919.047106095 
89043.48032247376 34.805043334292385 