2413.3539554954614 -1437222.202861818 
1135.7731747241874 -1061038.7927269514 
3566.5669562737685 -5243240.447957365 
-23622.381012117236 3261987.269810556 
100406.49926082304 2391589.8434435427 
-271.24323644256515 12220.38266924472 
1934.271070907998 36502.945734661895 
-332.7251324367054 35514.99360352027 
138452.60113538688 49567918.69905478 
17578.69726941765 8579622.254515883 
345.38215810683585 6439964.957369904 
42804.459745784574 -140076748.14395386 
372.34793828321415 -1070091.5562532633 
1109.9181418035937 657172.9167821981 
-797.2196983895307 -4660890.202969164 
6.4031268178412395 285981.6932920687 
126.52194735693539 234.2492592354489 
63166.35852382581 142147914.3408753 
772365.744257406 -49242399.60068075 
86336.03666539185 152.95178762353848 