2387.05855970763 -1437559.7149193992 
1115.1433751134505 -1061297.1696494427 
3538.8587442923726 -5244475.558493605 
-23585.69771936107 3262756.7385900086 
100262.58550929392 2392152.454954161 
-191.39471868415347 12471.090221642498 
1909.660003520204 36511.56765180956 
165.8132001108481 35515.496214861414 
137076.02162535384 49579480.48966604 
17607.17176429742 8581663.760587366 
352.6002657214027 6441516.186847313 
43706.23642559604 -140110207.9916819 
361.30577873271545 -1071335.0312302704 
1131.7071037588257 657327.7042474198 
-810.4459395061004 -4661999.02254964 
-113.81092884804836 285966.78900146094 
-92.61907844654384 -499.8723023686829 
62263.729363510705 142181480.10250404 
770989.1652649972 -49253961.54162777 
86189.68835960364 -97.2413179301592 