2926.1141733581703 -1438407.5130640378 
1496.7946679120828 -1061946.1878714147 
3996.044241985404 -5247578.038531065 
-24117.60546432548 3264689.5708812526 
102349.33490646619 2393565.681486785 
80.34781755818359 12784.474662139724 
2168.076211092325 36533.22508654322 
-421.74983467814064 35547.914646358455 
146023.78844056863 49608522.606558606 
17735.30699125639 8586791.829409784 
370.64553475781986 6445412.727558425 
44157.12476550177 -140194255.9425226 
377.8690180584635 -1074458.521946324 
1055.4457369155136 657716.5156183934 
-711.2491311318271 -4664784.271733933 
-141.00220334390434 286257.4226683127 
-421.33061715176245 -35.648373707246606 
74449.22302776462 142265794.09897625 
792326.1396473339 -49283004.03614945 
89043.48032247376 159.90159611114112 