2978.704964933833 -1439082.5371792002 
1538.0542671335566 -1062462.9417163972 
4051.4606659481956 -5250048.259603545 
-24190.972049837812 3266228.508440158 
102349.33490646619 2394690.904508021 
219.4387839760623 12032.352004946384 
2168.0762110923683 36550.46892083131 
-421.7498346781702 35590.13399900746 
146023.78844056863 49631646.187781125 
17678.35800149685 8590874.841552751 
356.20931952868614 6448515.186513243 
42353.571405878836 -140261175.63797867 
-372.99783137544676 -1073925.6040990353 
1011.8678130050496 658026.0905488369 
-684.7966488986875 -4667001.910894887 
99.42590798787487 286227.6140870971 
-421.33061715176245 -35.648373707246606 
76254.48134839482 142332925.62223375 
795079.2976321515 -49306127.91804349 
89336.17693405018 20.905426359086903 