-139.8219414102736 -1541.7183115392504 
2063.747503727437 519728.2385836163 
114126.00822216982 23374944.194479663 
-207.91304383385727 288.9346178468454 
-191.27462008985572 -639.3815991427908 
2264.82060353053 445378.0850869458 
-224.9034958165667 -35.97081119262891 
490.5149573586156 -16960.69739116853 
157.94015947835237 -240.5998177412741 
-1193.5889834985999 -54484.50477355714 
-74.89436247043827 -1086.1048855324643 
-119.53126540557021 -265.3447938172998 
1172.644945477888 -138308.21653263265 
-889296729.7756618 -2292369096135.226 
889297212.9627318 2292369102437.359 
-70.78017206083277 21447.655979725143 
1723.587559659889 68082.2544411868 
683.4279958715698 -129796.4001621437 
202.0571821613277 -380.3599889461621 
-14471.844431638103 -25968.028898548982 