2387.05855970763 -1444671.5761327178 
1115.1433751134505 -1066741.5405162224 
3538.8587442923726 -5270501.101935806 
-23659.064304873402 3278970.5450141886 
100550.41301235216 2404007.483213614 
-80.6370972773243 12420.948711162942 
1909.6600035190731 36693.243762940474 
165.81320011637754 35836.66486185393 
137076.02162535384 49823103.93468901 
17664.120754056963 8624681.209950773 
352.6002657214027 6474202.807978437 
43706.23642559604 -140815254.78309426 
140.46258772274155 -1082141.4209114038 
1131.7071037588257 660589.2972645917 
-810.4459395061004 -4685363.435138257 
-79.46405580065132 287680.7824213558 
102.17294448988214 212.6574486000324 
62263.729363510705 142888758.65110978 
773742.3232498148 -49497588.15443995 
86482.38497118006 -83.34170095495375 