2899.818777570339 -1444836.314160823 
1476.164868301346 -1066867.653061724 
3968.336030004008 -5271103.953507066 
-24154.288757081646 3279346.1190613024 
102205.42115493707 2404282.0912128445 
-27.83404521127774 12659.120885940834 
2094.2430089293757 36697.452079634626 
100.52841847199124 35846.96839435039 
141894.0499104695 49828747.18963022 
17706.83249637662 8625677.659342807 
348.9912119141193 6474959.955699554 
41451.79472606737 -140831586.3754377 
-85.90168306248142 -1082008.1914495816 
990.0788510498176 660664.8482892832 
-698.0228900152573 -4685904.644695395 
-20.788147678014738 287524.2873699741 
406.5354803280475 -229.9746694259884 
75351.85218807972 142905141.93952382 
796455.8766245603 -49503231.48275933 
89189.82862826197 201.6004470367574 