2439.6493512832926 -1448392.2447674822 
1156.4029743349242 -1069589.838495114 
3594.2751682551643 -5284116.725228166 
-23805.797475898067 3287453.0222733924 
101413.8955215269 2410209.605342571 
24.969006854768743 12621.514753081166 
2008.1042730709532 36788.29013506372 
-368.3350133378832 36007.55271791144 
142582.339665486 49950558.9121417 
17778.018733576046 8647186.38402451 
367.03648095053643 6491303.266265116 
45509.78978521898 -141184109.77114388 
-312.2659538477046 -1089602.2707734467 
1175.2850276692898 662295.6447978691 
-810.4459395061004 -4697586.850989703 
160.96405553112788 288321.66691749037 
-92.61907844654384 -499.8723023686846 
62263.729363510705 143258781.2138267 
776495.4812346324 -49625044.789165415 
87067.7781943329 194.65063854915465 