-155.33538322029545 -1552.7841460862214 
2072.9643639155033 526743.5782597022 
114846.58081762046 23568333.58449574 
-197.21150783161994 288.15687358708425 
-254.4561866548632 -897.3965202651577 
2294.334272160312 452179.4909696701 
-233.44646207243323 -19.997623130980248 
488.79548776462684 -17258.0454166318 
214.19910213228172 -91.2025062720135 
-1145.9686204108193 -55666.17815313151 
-248.17887606853154 -1253.9914357594103 
-108.06718760688759 -266.4569881217374 
1119.4839611426246 -139562.63172735288 
-820447932.3060052 -2310842092632.1562 
820448415.0236869 2310842098982.678 
80.06355274162907 20630.835335070544 
1954.6594798541364 68071.70736543807 
-10.929589262442363 -129685.11721239617 
244.8444626621043 -212.3897298748778 
-12313.009565152159 -6789.3881808961805 