2413.3539554954614 -1450425.3531143405 
1135.7731747241874 -1071146.2518615492 
3566.5669562737685 -5291556.795839326 
-23842.480768654234 3292088.155635333 
101269.98176999777 2413598.6699184375 
-160.48561503573626 12220.38266924472 
1983.4932056826383 36840.226921519716 
-356.4650530400927 36093.49925729874 
141205.76015545297 50020204.9365381 
17806.493228455816 8659484.027740829 
374.2545885651033 6500647.577164748 
46411.566465030446 -141385665.5205533 
328.17930008121937 -1088891.7136437283 
1197.0739896245218 663228.055005038 
-823.6721806226702 -4704266.168938765 
-205.40259030777378 288888.02996058605 
-68.2700755794906 -521.464113004101 
61361.1002031956 143460974.96839985 
777872.0602270412 -49694691.71915579 
86921.42988854469 -111.14093490536456 