2952.4095691460016 -1450598.1271438166 
1517.4244675228197 -1071278.5162385388 
4023.7524539667997 -5292189.0548043065 
-24374.388513618644 3292482.050367672 
103068.9036641118 2413886.6734298253 
-215.86442573915093 11957.13973922705 
2192.6872784827883 36844.640521948466 
-433.6197949842195 36104.305401140635 
147400.36795060168 50026123.47220815 
17877.679465655245 8660529.084420279 
363.427427143253 6501441.658921041 
43255.348085690304 -141402793.77593789 
388.9111776089622 -1089528.2544057677 
1033.6567749602816 663307.2914455682 
-698.0228900152573 -4704833.778962105 
-143.86444276452076 288716.63061859657 
-396.9816142847092 -57.24018434266469 
75351.85218807972 143478157.44161457 
801962.1925941956 -49700610.33178343 
89775.22185141481 -104.19112641776186 