2387.05855970763 -1454154.0577504758 
1115.1433751134505 -1074000.7016719286 
3538.8587442923726 -5305201.826525407 
-23805.797475898067 3300588.953579762 
101126.06801846865 2419814.187559552 
-273.8189950799336 12245.453424484498 
1909.6600035171887 36935.478577242604 
165.8132001251228 36264.8897247649 
137076.02162535384 50147935.194719635 
17778.018733576046 8682037.809101982 
352.6002657214027 6517784.969486603 
43706.23642559604 -141755317.17164406 
140.46258772274155 -1097181.5468237759 
1131.7071037588257 664938.0879541541 
-810.4459395061004 -4716515.985256413 
37.887760444621854 289514.01016611286 
102.17294448988214 212.65744860002965 
62263.729363510705 143831796.71591744 
779248.6392194501 -49822423.63818952 
87067.7781943329 -83.34170095495375 