2360.763163919799 -1456862.1902124966 
1094.5135755027136 -1076073.8688833464 
3511.150532310977 -5315112.118209047 
-23842.480768654234 3306763.024500608 
101557.80927305602 2424328.4751566546 
-54.87951090364329 12320.665690203832 
1934.2710709050357 37004.65919782821 
-154.67572795564078 36379.98772200393 
138452.60113538688 50240704.80033855 
17863.442218215358 8698418.464961268 
359.81837333596957 6530231.739341053 
44608.01310540751 -142023792.61650956 
350.26361918221676 -1102658.7580320216 
1153.4960657140577 666180.0730917664 
-823.6721806226702 -4725412.942366429 
-82.32629522126774 290229.41611528635 
126.52194735693539 234.24925923544436 
61361.1002031956 144101121.9937481 
780625.2182118589 -49915194.45007393 
87214.12650012111 13.95561787148421 