2413.3539554954614 -1457537.214327659 
1135.7731747241874 -1076590.622728329 
3566.5669562737685 -5317582.339281527 
-23915.847354166566 3308301.962059513 
101845.63677611426 2425453.698177891 
-271.2432364425656 12270.524179724276 
1983.493205681972 37021.903032031536 
-356.4650530443176 36414.66790458222 
141205.76015545297 50263828.38156107 
17920.3912079749 8702501.477104235 
374.2545885651033 6533334.198295872 
46411.566465030446 -142090712.31196564 
151.50474727324024 -1104672.0032328903 
1197.0739896245218 666489.6480222099 
-823.6721806226702 -4727630.581527382 
158.10181611051146 290229.41611528635 
77.8239416228289 234.24925923544413 
61361.1002031956 144168253.5170056 
780625.2182118589 -49938318.331967965 
87506.82311169754 -125.04055188057004 