2413.3539554954614 -1463299.0273106527 
1135.7731747241874 -1081001.4859051437 
3566.5669562737685 -5338667.440578768 
-23989.2139396789 3321437.893365883 
101845.63677611426 2435058.2803948717 
55.878110503185454 12320.665690203832 
1934.271070903711 37169.091473881395 
-332.72513244842213 36692.611976605964 
138452.60113538688 50461204.664139 
17863.442218215358 8737352.902181707 
345.38215810683585 6559815.901517359 
42804.459745784574 -142661919.71246582 
328.17930008121937 -1111451.9025122863 
1109.9181418035937 669132.0911784949 
-797.2196983895307 -4746559.715794092 
40.74999986523833 291362.1422014777 
-116.96808131359708 -521.4641130041056 
63166.35852382581 144741269.01909634 
786131.5341814941 -50135697.18099207 
87799.51972327396 166.85140459874387 