2387.05855970763 -1466682.1838878358 
1115.1433751134505 -1083591.406961544 
3538.8587442923726 -5351047.953334888 
-24025.897232435065 3329150.901845634 
102277.37803070163 2440697.7910132105 
58.45386914055361 12195.311914004942 
1958.882138291946 37255.515928494235 
-344.59509275169734 36821.78309148693 
139829.18064541992 50577097.85098044 
18005.81469261421 8757816.57018396 
367.03648095053643 6575365.130326628 
45509.78978521898 -142997314.8527874 
339.22145963171806 -1118942.3589214007 
1175.2850276692898 670683.6512465506 
-836.89842173924 -4757674.312065061 
160.96405553112794 292107.3567318668 
-92.61907844654384 -499.8723023686905 
60458.4710428805 145077725.8201845 
784754.9551890853 -50251591.874770515 
87945.86802906217 55.65446879710046 