2952.4095691460016 -1467192.4699748931 
1517.4244675228197 -1083982.0482610248 
4023.7524539667997 -5352915.3228361085 
-24594.48827015564 3330314.2653574254 
104220.21367634478 2441548.4060352165 
-105.10680433232234 11906.998228747494 
2192.6872784878506 37268.551445989986 
-433.6197949997908 36853.69891170369 
147400.36795060168 50594578.17726175 
18048.52643493387 8760903.132934894 
363.427427143253 6577710.44156033 
43255.348085690304 -143047902.95590004 
-85.90168306248142 -1119549.2931363685 
1033.6567749602816 670917.6751523025 
-698.0228900152573 -4759350.741668877 
191.01756944760038 292412.8946893263 
406.5354803280475 -229.97466942599502 
75351.85218807972 145128474.05502796 
810221.6665486485 -50269072.42834517 
90946.0082977205 -90.2915094425565 