2899.818777570339 -1468888.0662641702 
1476.164868301346 -1085280.0847049688 
3968.336030004008 -5359120.282911029 
-24594.48827015564 3334179.9299399136 
103932.38617328653 2444374.8591004647 
82.92357619555082 12709.26239642039 
2143.4651437102675 37311.86631514165 
-409.87987440275344 36918.53577482392 
144647.2089305356 50652662.411046885 
18048.52643493387 8771159.27057973 
363.427427143253 6585503.522982553 
43255.348085690304 -143215998.8575814 
-361.95567182494875 -1119134.8014773661 
1033.6567749602816 671695.2978942497 
-724.4753722483969 -4764921.240037463 
-138.13996392328787 292591.74617661966 
-396.9816142847092 -57.24018434266981 
73546.59386744951 145297102.04797238 
810221.6665486485 -50327157.41738853 
90653.31168614408 -215.3880622194052 