-139.82194144357462 -1890.2921009475076 
2036.0969231632398 547151.8391355755 
111964.29043581792 24130920.900906138 
-166.0797568321421 291.26785100095753 
42.07596523009705 -919.3552370100135 
2254.9827139872696 471965.3989921409 
-66.38393955080122 26.469813769317632 
481.91760938867174 -18123.057854343133 
141.66959386057363 123.74509819681246 
-1114.2217116856323 -59103.77343916602 
217.25473377812344 -2653.046021218834 
-74.71713699914504 -267.93991386648105 
1048.6026486956064 -143211.839566539 
-728649535.6797965 -2364581718805.044 
728650017.771627 2364581725296.3345 
80.06355274162667 13878.451339259185 
-1357.3713762634113 66141.59250341963 
143.37209632289228 -126124.06282047523 
-34.06023073674994 -228.6460171216341 
-15191.456053800084 21978.572895583027 