2926.1141733581703 -1470575.6265520763 
1496.7946679120828 -1086571.969317425 
3996.044241985404 -5365295.835592229 
-24631.171562911808 3338027.2738371766 
104076.29992481566 2447187.9166535554 
-107.68256296969042 12032.352004946384 
2118.8540763212536 37354.97590054049 
-89.3909463051393 37011.01626176304 
143270.62942050255 50710471.36410318 
18020.051940054098 8781366.800937148 
341.7731042995524 6593259.670369599 
40550.0180462559 -143383298.09622163 
422.0376562604583 -1123338.931161533 
968.2898890945855 672469.2352203582 
-684.7966488986875 -4770465.337939846 
70.80351378171076 293009.06631363754 
430.88448319510076 -208.38285879057958 
76254.48134839482 145464930.85611612 
814351.403525875 -50384967.12212362 
91092.35660350871 -131.9903603681727 