-376.40192926133403 -1971.9026310547472 
2289.560578335061 548920.1685580588 
128897.74642890783 24179667.813265562 
-163.3822596654152 276.1018367686477 
67.76980225107461 -823.285851383118 
2407.4700019078095 473679.8029543152 
-51.90833302610513 30.496103819741258 
501.6915097195427 -18198.00921613346 
127.4889812469296 77.24950134391577 
-1233.2726194050836 -59401.63325798435 
260.933887931696 -2848.913663181978 
-71.82656248572879 -267.38384235184935 
1039.7424846397291 -143528.0351321503 
-625376339.4753115 -2369238135277.4106 
533578423.6109996 2369238141780.8984 
179.30284537482473 12217.582695128167 
-86.47581519504992 65819.90669308322 
-1438.220180926802 -125815.50555072071 
-58.22706287315598 -295.02208247159837 
3878.2519334924064 21179.462865680827 