2978.704964933833 -1472271.2228413534 
1538.0542671335566 -1087870.0057613691 
4051.4606659481956 -5371500.795667149 
-24704.53814842414 3341892.9384196647 
104364.1274278739 2450014.3697188036 
80.34781755818271 12834.61617261928 
2168.0762111003173 37398.29076966599 
-421.7498347054268 37088.921019789734 
146023.78844056863 50768555.59788832 
18077.00092981364 8791622.938581983 
356.20931952868614 6601052.751791822 
42353.571405878836 -143551393.997903 
-372.99783137544745 -1126566.0447923373 
1011.8678130050496 673246.8579623054 
-684.7966488986875 -4776035.836308432 
-23.6503870986311 293098.4920572842 
-421.33061715176245 -35.64837370725516 
76254.48134839482 145633558.84906054 
814351.403525875 -50443052.11116698 
91385.05321508514 20.905426359086903 