2387.05855970763 -1473119.020985992 
1115.1433751134505 -1088519.0239833412 
3538.8587442923726 -5374603.275704609 
-24099.263817947398 3343825.770710909 
102277.37803070163 2451427.5962514277 
164.0599732726468 12295.594934964054 
1909.6600035121892 37419.94820422613 
165.81320014694276 37121.339451356514 
137076.02162535384 50797597.71478089 
18005.81469261421 8796751.0074044 
352.6002657214027 6604949.292502933 
43706.23642559604 -143635441.94874367 
140.46258772274155 -1127261.79864852 
1131.7071037588257 673635.669333279 
-810.4459395061004 -4778821.085492725 
249.69347757023698 293418.9343053515 
102.17294448988214 212.65744860002428 
62263.729363510705 145717872.84553275 
790261.2711587206 -50472094.605688654 
88238.5646406386 -83.34170095495375 