2413.3539554954614 -1476502.177563175 
1135.7731747241874 -1091108.9450397415 
3566.5669562737685 -5386983.78846073 
-24209.313696215897 3351538.77919066 
102996.94678834724 2457067.1068697665 
161.48421463527868 12170.241158765164 
1983.4932056797882 37506.372658697226 
-356.4650530599836 37271.11763132221 
141205.76015545297 50913490.901622325 
18148.187167013064 8817214.675406653 
374.2545885651033 6620498.521312202 
46411.566465030446 -143970837.08906525 
151.50474727324024 -1134752.2550576343 
1197.0739896245218 675187.2294013348 
-823.6721806226702 -4789935.681763694 
129.47942190434736 294104.53167330945 
77.8239416228289 234.24925923543572 
61361.1002031956 146054329.6466209 
791637.8501511294 -50587989.2994671 
88677.60955800323 -125.04055188057004 