2926.1141733581703 -1477687.4877653948 
1496.7946679120828 -1092016.3401842047 
3996.044241985404 -5391321.37903443 
-24704.53814842414 3354241.0802613567 
104364.1274278739 2459042.9449130087 
-218.44018437651985 11982.210494466828 
2118.854076322744 37536.65201031575 
-89.39094630369567 37332.18490939962 
143270.62942050255 50954094.80912615 
18077.00092981364 8824384.250300555 
341.7731042995524 6625946.291500723 
40550.0180462559 -144088344.88763398 
377.8690180584635 -1134619.0255958121 
968.2898890945855 675730.8282375301 
-684.7966488986875 -4793829.750528463 
-264.0784984304104 294439.8782119845 
-421.33061715176245 -78.83199497809332 
76254.48134839482 146172209.40472186 
817104.5615106926 -50628593.7349358 
91385.05321508514 -118.0907433929673 