2899.818777570339 -1478024.999822976 
1476.164868301346 -1092274.717106696 
3968.336030004008 -5392556.48957067 
-24667.854855667974 3355010.5490408093 
104220.21367634478 2459605.556423627 
-249.34928802493735 12759.403906899946 
2094.2430089334516 37545.273927386006 
100.52841850101204 37345.755415639476 
141894.0499104695 50965656.59973741 
18105.47542469341 8826425.756372038 
348.9912119141193 6627497.520978132 
41451.79472606737 -144121804.73536202 
-85.90168306248142 -1134648.6321428837 
990.0788510498176 675885.6157027518 
-698.0228900152573 -4794938.57010894 
-143.8644427645207 294454.7825025923 
406.5354803280475 -229.97466942600317 
75351.85218807972 146205775.1663506 
815727.9825182838 -50640155.67588282 
91238.70490929692 201.6004470367574 