163.80151982151978 242.7968870985356 
69.61591753559321 84.55028884539179 
-184.39537648978126 4.6021766206975965 
-203.99972563992645 234.79990251511435 
208.59462722902302 -12.731144196976029 
143.57764796139782 71.98663710396636 
2.600504808667778 212.79895415603968 
-38.98571328851364 -6.422156084000644 
100.88780087267898 -221.70269263695243 
-90.97486592227898 9.349969287857471 
226.93786459079803 -121.39009691349774 
-15.00493312315691 -72.37395512082604 
-110.52697573848415 161.71634869823941 
231.05752235813853 152.74239195325984 
245.73614521929028 121.85664189860566 
109.61867315681675 -11.89128522738395 
156.81853398357742 -80.211268420819 
-140.20175140617022 73.9950242445627 
176.7697240032536 -153.31623342703898 
66.02841798015076 5.775932690333057 