2926.1141733581703 -1481078.680343949 
1496.7946679120828 -1094612.413072093 
3996.044241985404 -5403731.29918427 
-24777.904733936473 3361972.409426333 
104939.78243399039 2464695.851043505 
-218.44018437651982 12032.352004946384 
2168.0762111034783 37623.28174848457 
-421.74983471721214 37474.92653059364 
146023.78844056863 51070263.27669643 
18247.847899092263 8844896.525590224 
370.64553475781986 6641532.454345169 
44157.12476550177 -144424536.6909967 
377.8690180584635 -1142139.0885519981 
1055.4457369155136 677286.0737214244 
-711.2491311318271 -4804970.747265634 
-141.00220334390423 295050.95412690355 
-421.33061715176245 -35.64837370726492 
74449.22302776462 146509465.3906107 
817104.5615106926 -50744763.71302251 
91677.74982666156 159.90159611114112 