2899.818777570339 -1483111.7886908073 
1476.164868301346 -1096168.8264385283 
3968.336030004008 -5411171.36979543 
-24814.58802669264 3366607.5427882737 
104795.86868246127 2468084.9156193715 
216.86302533869343 11957.13973922705 
2143.4651437142243 37675.218534627595 
-409.8798744197188 37560.87307012025 
144647.2089305356 51139909.301092826 
18219.373404212492 8857194.169306543 
363.427427143253 6650876.765244801 
43255.348085690304 -144626092.4404061 
-361.95567182494875 -1141694.9903459242 
1033.6567749602816 678218.4839285933 
-724.4753722483969 -4811650.065214696 
-49.41054188417878 295438.46568270586 
-396.9816142847092 -57.24018434268129 
73546.59386744951 146711659.14518386 
818481.1405031014 -50814410.64301288 
91531.40152087335 -215.3880622194052 