2439.6493512832926 -1486322.1712385144 
1156.4029743349242 -1098626.483117939 
3594.2751682551643 -5422919.623586571 
-24392.73015999673 3373926.656535686 
103716.51554599285 2473436.4227263224 
241.3327323936906 12571.37324260161 
2008.104273068751 37757.229388625536 
-368.33501337024074 37720.45217129376 
142582.339665486 51249883.95226421 
18233.610651652376 8876612.780629346 
367.03648095053643 6665631.912297777 
45509.78978521898 -144944359.3253431 
-312.2659538477046 -1149762.7744229347 
1175.2850276692898 679690.8075561189 
-810.4459395061004 -4822197.051462326 
-108.08645000681537 295952.6637086743 
-92.61907844654384 -499.87230236870397 
62263.729363510705 147030933.4730573 
798520.7451131735 -50924386.72416369 
89409.35108694428 194.65063854915465 