2360.763163919799 -1487680.2554702102 
1094.5135755027136 -1099666.1426393918 
3511.150532310977 -5427889.473125251 
-24356.046867240562 3377022.8523387215 
103284.77429140548 2475700.2642809525 
-160.48561503573708 12320.665690203832 
1934.2710708977802 37791.92234062761 
-154.67572795801348 37771.718528206955 
138452.60113538688 51296406.39543809 
18205.136156772605 8884827.412202697 
359.81837333596957 6671873.76424259 
44608.01310540751 -145078995.37929642 
-323.3081133982033 -1149851.5940641495 
1153.4960657140577 680313.6428328444 
-823.6721806226702 -4826658.730250435 
40.74999986523839 296489.21817055444 
-116.96808131359708 -521.4641130041201 
61361.1002031956 147165995.70437297 
797144.1661207647 -50970909.772260025 
88970.30616957965 0.05600089627881388 