2926.1141733581703 -1488190.5415572675 
1496.7946679120828 -1100056.7839388726 
3996.044241985404 -5429756.842626471 
-24924.63790496114 3378186.215850513 
105227.60993704863 2476550.8793029585 
-241.62201211283303 12834.61617261928 
2168.076211106038 37804.95785809571 
-421.74983472664957 37796.09517830785 
146023.78844056863 51313886.7217194 
18304.796888851804 8887913.974953631 
370.64553475781986 6674219.0754762925 
44157.12476550177 -145129583.48240906 
101.81502929599615 -1149185.4467550386 
1055.4457369155136 680547.6667385963 
-711.2491311318271 -4828335.159854251 
222.50220307438101 296332.72311917273 
430.88448319510076 -251.5664800614242 
74449.22302776462 147216743.93921643 
822610.8774803279 -50988390.325834684 
91970.44643823798 173.8012130863466 