135.5416509348977 -2312.1770447193608 
2206.608836642467 565965.7046305211 
122412.59306985213 24649556.083221976 
-137.38074877665045 283.1015462417169 
221.9328242706595 -746.4303428590053 
2338.604775104985 490205.53295035614 
87.62718465305716 69.306707838794 
489.65522256162126 -18920.491195358267 
-9.206046060480157 -220.0175682610574 
-1153.905347592116 -62272.80659347909 
-118.5735170076741 -4751.627899395928 
-43.84733759429307 -268.492426399243 
986.5815003044648 -146575.95304328873 
-556527542.0056549 -2414122936683.175 
464729625.67195463 2414122943304.2363 
-217.6543251579675 12816.584501208206 
-163.4997885931325 66516.0136924997 
-898.1642813781264 -122841.2158029231 
-238.17701636133017 149.40904335520298 
-2598.2526659654177 27572.343104898428 