2387.05855970763 -1492759.0083366705 
1115.1433751134505 -1103554.1001397362 
3538.8587442923726 -5446474.945956292 
-24466.09674550906 3388601.525400961 
103716.51554599285 2484166.2279645395 
135.72662826159748 12471.090221642498 
1958.882138287052 37921.66166409359 
-344.59509277588745 37999.401466261574 
139829.18064541992 51470383.81606466 
18290.559641411917 8915547.217849785 
367.03648095053643 6695216.074474082 
45509.78978521898 -145582486.42129937 
-135.5914010397255 -1156601.886796474 
1175.2850276692898 682642.8256428473 
-836.89842173924 -4843343.82488999 
-231.1627450933214 297204.62411972793 
102.17294448988214 212.6574486000116 
60458.4710428805 147671080.49840555 
801273.9030979911 -51144889.45508183 
89409.35108694428 69.55408577230594 