2952.4095691460016 -1493269.2944237278 
1517.4244675228197 -1103944.741439217 
4023.7524539667997 -5448342.315457512 
-25034.687783229638 3389764.8889127523 
105659.351191636 2485016.8429865455 
216.8630253386935 11957.13973922705 
2192.6872784984894 37934.69718156307 
-433.61979503410436 38031.31728649585 
147400.36795060168 51487864.14234597 
18390.220373491116 8918633.78060072 
363.427427143253 6697561.385707784 
43255.348085690304 -145633074.524412 
388.9111776089622 -1157208.8210114418 
1033.6567749602816 682876.8495485992 
-698.0228900152573 -4845020.254493806 
-143.86444276452065 297510.16207718744 
-396.9816142847092 -57.2401843426847 
75351.85218807972 147721828.733249 
826740.6144575543 -51162370.00865649 
92409.49135560261 -104.19112641776186 