2952.4095691460016 -1493944.3185388902 
1517.4244675228197 -1104461.4952841995 
4023.7524539667997 -5450812.536529992 
-25034.687783229638 3391303.8264716575 
105659.351191636 2486142.066007782 
0.49929979977083233 12007.281249706606 
2143.465143717188 37951.94101569647 
-409.8798744319439 38073.53663924657 
144647.2089305356 51510987.72356849 
18333.271383731575 8922716.792743687 
348.9912119141193 6700663.844662603 
41451.79472606737 -145699994.2198681 
410.9954967099596 -1159695.770965456 
990.0788510498176 683186.4244790426 
-671.5704077821177 -4847237.893654759 
96.56366856725856 297480.3534959719 
-396.9816142847092 -57.24018434268493 
77157.11050870993 147788960.2565065 
829493.7724423719 -51185493.890550524 
92702.18796717904 48.704660309497825 