-77.76817414670052 -2396.5540334733487 
1971.578901846779 571038.7808425635 
106920.28226766348 24789403.782613765 
-129.64259687539572 296.7120337712003 
148.22099666374845 -661.3403155468552 
2205.7932662709663 495123.90497298737 
129.15560938014593 80.857457284741 
473.32026141872785 -19135.515593937078 
-49.896002203534486 -86.63110093862167 
-1066.6013485978517 -63127.322467138234 
-243.882565808403 -4835.5711745230155 
-35.51320548136783 -268.3074836914938 
1030.8823205838512 -147483.07146922278 
-705699936.5232443 -2427481508530.1284 
705700418.458612 2427481515186.182 
349.9944287039254 14477.453145339225 
-1588.443296457659 65593.14456448542 
837.7296814569034 -121956.01052084049 
-168.8116721842775 -87.71650989950433 
-21667.960653257916 26773.233074996228 