2360.763163919799 -1494792.1166835288 
1094.5135755027136 -1105110.5135061715 
3511.150532310977 -5453915.016567452 
-24429.413452752895 3393236.6587629016 
103860.42929752197 2487555.292540406 
-271.2432364425667 12270.524179724276 
1934.2710708959303 37973.59845023397 
-154.67572795883316 38092.88717592365 
138452.60113538688 51540029.84046106 
18319.034136291688 8927844.861566104 
359.81837333596957 6704560.385373714 
44608.01310540751 -145784042.17070878 
350.26361918221676 -1162819.2616815097 
1153.4960657140577 683575.2358500162 
-823.6721806226702 -4850023.142839052 
129.47942190434742 297800.7957440392 
126.52194735693539 234.24925923542662 
61361.1002031956 147873274.2529787 
802650.4820904 -51214536.3850722 
89555.6993927325 13.95561787148421 