2360.763163919799 -1497162.7370879683 
1094.5135755027136 -1106925.303795098 
3511.150532310977 -5462590.197714852 
-24502.780038265228 3398641.260904295 
103860.42929752197 2491506.9686268903 
55.87811050318568 12270.524179724276 
1934.2710708953193 38034.15715344999 
-154.6757279590826 38199.94339182288 
138452.60113538688 51621237.65546872 
18319.034136291688 8942184.011353906 
359.81837333596957 6715455.925750756 
44608.01310540751 -146019057.76784623 
-323.3081133982033 -1164891.7199765216 
1153.4960657140577 684662.4335224068 
-823.6721806226702 -4857811.280368591 
158.10181611051158 298322.4459153115 
-116.96808131359708 -521.4641130041232 
61361.1002031956 148109033.76918063 
802650.4820904 -51295745.25600959 
89555.6993927325 0.05600089627881388 