2439.6493512832926 -1498175.273260712 
1156.4029743349242 -1107700.4345625718 
3594.2751682551643 -5466295.529323572 
-24612.829916533727 3400949.6672426527 
104292.17055210934 2493194.8031587447 
-268.66747780519853 12195.311914004942 
2008.104273067991 38060.022904658086 
-368.3350133830484 38255.733250809964 
142582.339665486 51655923.027302496 
18404.457620931 8948308.529568357 
367.03648095053643 6720109.6141829835 
45509.78978521898 -146119437.31103036 
339.22145963171806 -1165335.8181825955 
1175.2850276692898 685126.795918072 
-810.4459395061004 -4861137.739110021 
9.265366238457815 298516.2016932127 
102.17294448988214 212.65744860000996 
62263.729363510705 148209731.05406687 
806780.2190676264 -51330431.07885065 
89994.74431009713 180.7510215739493 