2952.4095691460016 -1498685.5593477692 
1517.4244675228197 -1108091.0758620526 
4023.7524539667997 -5468162.898824792 
-25108.05436874197 3402113.030754444 
105947.17869469424 2494045.4181807507 
-138.59166661810806 12709.26239642039 
2143.465143718553 38073.058422132584 
-409.87987443787557 38287.6490710409 
144647.2089305356 51673403.353583805 
18390.220373491116 8951395.092319291 
348.9912119141193 6722454.925416686 
41451.79472606737 -146170025.414143 
410.9954967099596 -1167215.833921642 
990.0788510498176 685360.8198238239 
-671.5704077821177 -4862814.168713837 
-172.4868369706848 298702.50532580994 
-396.9816142847092 -57.240184342686405 
77157.11050870993 148260479.28891033 
832246.9304271896 -51347911.63242531 
92994.88457875546 48.704660309497825 