2387.05855970763 -1499195.8454348266 
1115.1433751134505 -1108481.7171615334 
3538.8587442923726 -5470030.268326012 
-24539.463331021394 3403276.3942662356 
104004.3430490511 2494896.0332027567 
24.96900685476808 12420.948711162942 
1909.6600035038618 38086.09393960741 
165.81320018144396 38298.957826240716 
137076.02162535384 51690883.679865114 
18347.50863117146 8954481.655070225 
352.6002657214027 6724800.236650388 
43706.23642559604 -146220613.51725563 
361.30577873271545 -1169095.8496606885 
1131.7071037588257 685594.8437295757 
-810.4459395061004 -4864490.598317653 
-202.54035088715725 299008.04328326945 
-92.61907844654384 -499.8723023687083 
62263.729363510705 148311227.5237538 
806780.2190676264 -51365392.18599997 
89994.74431009713 -97.2413179301592 