2926.1141733581703 -1500043.643579465 
1496.7946679120828 -1109130.7353835055 
3996.044241985404 -5473132.7483634725 
-25071.371075985804 3405209.2265574797 
106091.09244622337 2496309.2597353808 
214.28726670132542 11932.068983987272 
2168.076211110253 38107.75137415521 
-421.74983474215514 38331.37625781256 
146023.78844056863 51719925.79675768 
18475.64385813043 8959609.723892642 
370.64553475781986 6728696.777361499 
44157.12476550177 -146304661.46809632 
377.8690180584635 -1172219.3403767422 
1055.4457369155136 685983.6551005493 
-711.2491311318271 -4867275.847501946 
99.42590798787498 298866.4525224955 
-421.33061715176245 -35.6483737072714 
74449.22302776462 148395541.520226 
828117.1934499631 -51394434.680521645 
92848.53627296725 159.90159611114112 