2413.3539554954614 -1500208.3816075702 
1135.7731747241874 -1109256.8479290071 
3566.5669562737685 -5473735.599934733 
-24576.14662377756 3405584.8006045935 
104436.08430363846 2496583.867734611 
161.48421463527885 12170.241158765164 
1983.493205676762 38111.95969082112 
-356.46505308405926 38341.67979032749 
141205.76015545297 51725569.05169889 
18432.93211581077 8960606.173284676 
374.2545885651033 6729453.925082616 
46411.566465030446 -146320993.06043977 
151.50474727324024 -1172352.5698385644 
1197.0739896245218 686059.2061252409 
-823.6721806226702 -4867817.057059083 
158.10181611051158 299022.94757387723 
77.8239416228289 234.24925923542474 
61361.1002031956 148411924.80864003 
805403.6400752176 -51400078.00884102 
90141.09261588534 -125.04055188057004 