2439.6493512832926 -1500891.4417241036 
1156.4029743349242 -1109779.7536054775 
3594.2751682551643 -5476235.228400933 
-24612.829916533727 3407142.058848724 
104292.17055210934 2497722.486268005 
-57.4552695410121 12195.311914004942 
1958.8821382854962 38129.40880870442 
-344.59509278248413 38384.40175441355 
139829.18064541992 51748967.91365025 
18347.50863117146 8964737.79271506 
352.6002657214027 6732593.318072611 
43706.23642559604 -146388709.418937 
-135.5914010397255 -1171582.7996147028 
1131.7071037588257 686372.4664715229 
-783.9934572729609 -4870061.096686238 
126.617182483731 299186.8947705628 
102.17294448988214 212.65744860000882 
64068.98768414091 148479855.5166982 
809533.377052444 -51423477.17504332 
90287.44092167355 -222.33787070700797 