2360.763163919799 -1504274.5983012868 
1094.5135755027136 -1112369.6746618778 
3511.150532310977 -5488615.741157053 
-24576.14662377756 3414855.067328475 
104436.08430363846 2503361.9968863437 
-54.87951090364394 12320.665690203832 
1934.2710708935442 38215.83326318471 
-154.67572795970017 38521.11203947915 
138452.60113538688 51864861.10049169 
18432.93211581077 8985201.460717313 
359.81837333596957 6748142.54688188 
44608.01310540751 -146724104.55925858 
350.26361918221676 -1177859.3875938817 
1153.4960657140577 687924.0265395787 
-823.6721806226702 -4881175.692957208 
12.127605659074291 299693.6406512274 
126.52194735693539 234.2492592354236 
61361.1002031956 148816312.31778637 
808156.7980600352 -51539371.86882177 
90141.09261588534 13.95561787148421 