2413.3539554954614 -1504949.6224164492 
1135.7731747241874 -1112886.4285068603 
3566.5669562737685 -5491085.962229533 
-24649.513209289893 3416394.00488738 
104723.9118066967 2504487.21990758 
-271.2432364425666 12270.524179724276 
1983.4932056761622 38233.077097338544 
-356.46505308850476 38555.792222084674 
141205.76015545297 51887984.68171421 
18489.88110557031 8989284.47286028 
374.2545885651033 6751245.005836698 
46411.566465030446 -146791024.25471467 
151.50474727324024 -1179872.6327947504 
1197.0739896245218 688233.6014700221 
-823.6721806226702 -4883393.332118161 
-228.30050567270493 299693.6406512274 
77.8239416228289 234.24925923542338 
61361.1002031956 148883443.84104386 
808156.7980600352 -51562495.75071581 
90433.78922746176 -125.04055188057004 