2952.4095691460016 -1505122.3964459253 
1517.4244675228197 -1113018.6928838498 
4023.7524539667997 -5491718.221194513 
-25181.420954254303 3416787.899619719 
106522.83370081073 2504775.223418968 
-244.19777075020116 12809.545417379502 
2192.687278503284 38237.49069774707 
-433.6197950496573 38566.59836593992 
147400.36795060168 51893903.21738426 
18504.1183530102 8990329.52953973 
363.427427143253 6752039.087592991 
43255.348085690304 -146808152.51009926 
-85.90168306248142 -1179709.7967858566 
1033.6567749602816 688312.8379105523 
-698.0228900152573 -4883960.9421415 
-261.2162590097938 300014.0828992947 
406.5354803280475 -229.97466942601406 
75351.85218807972 148900626.31425858 
832246.9304271896 -51568414.36334345 
93287.58119033188 -90.2915094425565 