2899.818777570339 -1506817.9927352024 
1476.164868301346 -1114316.729327794 
3968.336030004008 -5497923.181269433 
-25181.420954254303 3420653.564202207 
106235.00619775249 2507601.676484216 
216.86302533869366 11957.13973922705 
2143.4651437209754 38280.80556687864 
-409.8798744487941 38631.4352290695 
144647.2089305356 51951987.451169394 
18504.1183530102 9000585.667184565 
363.427427143253 6759832.169015214 
43255.348085690304 -146976248.41178063 
-361.95567182494875 -1179295.3051268542 
1033.6567749602816 689090.4606524995 
-724.4753722483969 -4889531.440510086 
191.0175694476005 300476.1159081359 
-396.9816142847092 -57.24018434268846 
73546.59386744951 149069254.307203 
832246.9304271896 -51626499.3523868 
92994.88457875546 -215.3880622194052 