2952.4095691460016 -1509863.6372548044 
1517.4244675228197 -1116648.273461703 
4023.7524539667997 -5509068.583489314 
-25254.787539766636 3427597.1039025057 
106810.66120386898 2512678.5755919367 
188.52968032764431 12809.545417379502 
2192.6872785050555 38358.60810435655 
-433.61979505523306 38780.71079765234 
147400.36795060168 52056318.84739957 
18561.06734276974 9019007.829115335 
363.427427143253 6773830.168347074 
43255.348085690304 -147278183.70437416 
-85.90168306248142 -1187229.8597420426 
1033.6567749602816 690487.2332553335 
-698.0228900152573 -4899537.217200578 
191.0175694476005 301206.42614791717 
406.5354803280475 -229.9746694260141 
75351.85218807972 149372145.3466624 
835000.0884120072 -51730832.10521823 
93580.2778019083 -90.2915094425565 