2439.6493512832926 -1510373.9233418617 
1156.4029743349242 -1117038.9147611838 
3594.2751682551643 -5510935.952990534 
-24759.563087558392 3428760.467414297 
104867.82555822583 2513529.1906139427 
164.05997327264714 12295.594934964054 
1958.8821382838082 38371.64362185339 
-344.5950927905929 38812.626617868336 
139829.18064541992 52073799.17368088 
18461.40661069054 9022094.391866269 
352.6002657214027 6776175.479580776 
43706.23642559604 -147328771.8074868 
-135.5914010397255 -1186622.9255270748 
1131.7071037588257 690721.2571610854 
-783.9934572729609 -4901213.646804394 
9.265366238457872 301079.73967775103 
102.17294448988214 212.65744860000768 
64068.98768414091 149422893.58150586 
815039.6930220793 -51748312.65879289 
90872.8341448264 -222.33787070700797 