2899.818777570339 -1511213.6854851292 
1476.164868301346 -1117681.781151668 
3968.336030004008 -5514009.025634274 
-25181.420954254303 3430674.979020316 
106235.00619775249 2514929.021634409 
-105.1068043323223 12107.564270665718 
2094.2430089386085 38393.09577269731 
100.528418534524 38844.54243808319 
141894.0499104695 52102566.00984461 
18504.1183530102 9027173.85340127 
348.9912119141193 6780035.086256711 
41451.79472606737 -147412023.09528634 
-85.90168306248142 -1187289.0728361858 
990.0788510498176 691106.3831162204 
-698.0228900152573 -4903972.495522485 
-261.2162590097938 301355.469053995 
406.5354803280475 -229.97466942601403 
75351.85218807972 149506408.3931774 
835000.0884120072 -51777079.869006306 
93287.58119033188 201.6004470367574 