2387.05855970763 -1514094.591976626 
1115.1433751134505 -1119887.2127400753 
3538.8587442923726 -5524551.576282894 
-24759.563087558392 3437242.944673501 
105155.65306128407 2519731.3127428996 
58.45386914055397 12195.311914004942 
1958.8821382831939 38466.6899935659 
-344.59509279425725 38962.90740910434 
139829.18064541992 52201254.151133575 
18575.304590209624 9044599.565940006 
367.03648095053643 6793275.937867454 
45509.78978521898 -147697626.79553643 
339.22145963171806 -1194142.9884832609 
1175.2850276692898 692427.6046943628 
-836.89842173924 -4913437.06265584 
-231.16274509332135 301601.38984902337 
-92.61907844654384 -499.8723023687102 
60458.4710428805 149792916.14422277 
812286.5350372617 -51875769.29351836 
90872.8341448264 55.65446879710046 