-101.0383368828488 -2731.295529841239 
1943.928321282583 591389.0637045848 
104758.56448131158 25350392.839602545 
-98.60639885461617 299.0452216349808 
-147.46873567276734 -644.8712779136094 
2176.2795976411844 514853.6030294852 
219.8062090158974 127.19244655345378 
475.03973101271663 -19998.070609950366 
-213.11638631671582 117.63886550003176 
-1050.7278942352582 -66555.15185747381 
220.11894060800523 -6290.587943392523 
-2.086680288555335 -269.41715726130644 
977.7213362485874 -151121.91224068395 
-636851139.053587 -2481068465310.4795 
636851620.519567 2481068472106.902 
357.93357211458135 21393.201270081503 
2108.7074266503014 65107.97908004363 
1377.7855810055798 -118405.07276071477 
109.44783347558732 223.93309869318892 
-23826.79551974386 47550.09385245343 