2439.6493512832926 -1514769.6160917885 
1156.4029743349242 -1120403.9665850578 
3594.2751682551643 -5527021.797355374 
-24832.929673070725 3438781.882232406 
105443.48056434232 2520856.535764136 
-157.9098563983692 12145.170403525386 
2008.1042730670006 38483.933827750916 
-368.33501339847237 39005.12676182075 
142582.339665486 52224377.732356094 
18575.304590209624 9048682.578082973 
367.03648095053643 6796378.396822273 
45509.78978521898 -147764546.49099252 
-312.2659538477046 -1194883.1521600508 
1175.2850276692898 692737.1796248063 
-810.4459395061004 -4915654.7018167935 
-85.18853464188399 302063.4228578646 
-92.61907844654384 -499.8723023687102 
62263.729363510705 149860047.66748026 
815039.6930220793 -51898893.175412394 
91165.53075640282 194.65063854915465 