2978.704964933833 -1514942.3901212646 
1538.0542671335566 -1120536.2309620474 
4051.4606659481956 -5527654.056320354 
-25364.837418035135 3439175.776964745 
106954.5749553981 2521144.5392755237 
-213.2886671017839 11932.068983987272 
2168.0762111147615 38488.34742816752 
-421.7498347581933 39015.93290567058 
146023.78844056863 52230296.26802614 
18589.54183764951 9049727.634762423 
356.20931952868614 6797172.478578566 
42353.571405878836 -147781674.7463771 
-372.99783137544745 -1194246.6113980114 
1011.8678130050496 692816.4160653364 
-684.7966488986875 -4916222.311840133 
-23.650387098630986 301892.0235158751 
-421.33061715176245 -35.64837370727277 
76254.48134839482 149877230.14069498 
839129.8253892337 -51904811.788040034 
94019.32271927294 20.905426359086903 