2952.4095691460016 -1516975.498468123 
1517.4244675228197 -1122092.6443284827 
4023.7524539667997 -5535094.126931515 
-25401.5207107913 3443810.9103266858 
107098.48870692722 2524533.60385139 
216.8630253386935 11957.13973922705 
2192.687278507452 38540.284214479936 
-433.61979506267886 39101.879445120896 
147400.36795060168 52299942.29242254 
18674.965322288823 9062025.278478742 
363.427427143253 6806516.789478198 
43255.348085690304 -147983230.49578652 
388.9111776089622 -1194809.1357923718 
1033.6567749602816 693748.8262725053 
-698.0228900152573 -4922901.629789195 
-172.48683697068475 302368.9608153241 
-396.9816142847092 -57.24018434268845 
75351.85218807972 150079423.89526814 
840506.4043816425 -51974458.71803041 
93872.97441348473 -104.19112641776186 