2439.6493512832926 -1517140.236496228 
1156.4029743349242 -1122218.7568739844 
3594.2751682551643 -5535696.978502775 
-24906.296258583057 3444186.4843737995 
105443.48056434232 2524808.2118506203 
164.0599732726469 12195.311914004942 
2008.1042730668742 38544.49253115837 
-368.335013400287 39112.182977627475 
142582.339665486 52305585.54736375 
18632.253579969165 9063021.727870775 
367.03648095053643 6807273.937199314 
45509.78978521898 -147999562.08812997 
339.22145963171806 -1195416.0700073396 
1175.2850276692898 693824.3772971969 
-810.4459395061004 -4923442.8393463325 
-231.16274509332135 302212.4657639424 
102.17294448988214 212.65744860000774 
62263.729363510705 150095807.18368217 
817792.8510068969 -51980102.046349786 
91165.53075640282 180.7510215739493 