2952.4095691460016 -1517650.5225832853 
1517.4244675228197 -1122609.3981734652 
4023.7524539667997 -5537564.348003995 
-25401.5207107913 3445349.847885591 
107098.48870692722 2525658.8268726263 
0.49929979977043976 12007.281249706606 
2143.465143723368 38557.52804867503 
-409.8798744582201 39144.09879783029 
144647.2089305356 52323065.87364506 
18618.01633252928 9066108.29062171 
348.9912119141193 6809619.248433016 
41451.79472606737 -148050150.1912426 
410.9954967099596 -1197296.085746386 
990.0788510498176 694058.4012029488 
-671.5704077821177 -4925119.2689501485 
-143.8644427645206 302518.0037214019 
-396.9816142847092 -57.24018434268845 
77157.11050870993 150146555.41852564 
843259.5623664601 -51997582.599924445 
94165.67102506115 48.704660309497825 