2899.818777570339 -1518325.5466984478 
1476.164868301346 -1123126.1520184476 
3968.336030004008 -5540034.569076475 
-25328.15412527897 3446888.785444496 
106810.66120386898 2526784.0498938626 
-215.8644257391526 12057.422760186162 
2094.243008939473 38574.77188287306 
100.5284185406917 39165.71108552532 
141894.0499104695 52346189.45486758 
18618.01633252928 9070191.302764677 
348.9912119141193 6812721.707387835 
41451.79472606737 -148117069.8866987 
410.9954967099596 -1199783.0357004004 
990.0788510498176 694367.9761333922 
-698.0228900152573 -4927336.908111102 
96.56366856725862 302547.8123026175 
-396.9816142847092 -57.24018434268845 
75351.85218807972 150213686.94178313 
840506.4043816425 -52020706.48181848 
93872.97441348473 187.70083006155195 