2439.6493512832926 -1519856.4049596197 
1156.4029743349242 -1124298.07591689 
3594.2751682551643 -5545636.677580135 
-24906.296258583057 3450378.8759798706 
105443.48056434232 2529335.8949598805 
135.7266282615975 12571.37324260161 
1958.8821382823267 38613.87843544173 
-344.5950927972625 39240.85148111163 
139829.18064541992 52398630.43371151 
18575.304590209624 9079450.991017478 
352.6002657214027 6819757.641088941 
43706.23642559604 -148268834.1960366 
-135.5914010397255 -1201663.0514394469 
1131.7071037588257 695070.0478506478 
-783.9934572729609 -4932366.19692255 
-113.81092884804815 302942.7760037237 
102.17294448988214 212.6574486000075 
64068.98768414091 150365931.64631352 
820546.0089917146 -52073148.14254246 
91458.22736797924 -222.33787070700797 