2899.818777570339 -1521041.7151618395 
1476.164868301346 -1125205.4710613533 
3968.336030004008 -5549974.268153835 
-25401.5207107913 3453081.177050567 
107098.48870692722 2531311.7330031227 
0.499299799770438 12007.281249706606 
2143.4651437242233 38644.157787177486 
-409.87987446208285 39273.77252399136 
144647.2089305356 52439234.341215335 
18674.965322288823 9086620.565911379 
363.427427143253 6825205.411277462 
43255.348085690304 -148386341.99460533 
-361.95567182494875 -1201855.4939954123 
1033.6567749602816 695613.6466868431 
-724.4753722483969 -4936260.265687319 
-20.788147678014568 303278.12254239875 
-396.9816142847092 -57.240184342688906 
73546.59386744951 150483811.40441447 
840506.4043816425 -52113752.578011155 
93872.97441348473 -215.3880622194052 