-116.55177870695323 -2736.8284471365714 
1916.2777407183853 598288.4473529625 
102596.84669495968 25540585.71077538 
-88.08709430435611 301.378438453605 
-247.71682134049112 -628.4022403182698 
2146.7659290114025 521542.5889802637 
163.32654603334578 142.90124157356624 
469.8813222307503 -20290.50379201755 
-250.7805390352616 -63.76936207355909 
-1066.6013485978517 -67717.29344565028 
169.99532108771442 -7913.491262516203 
9.245217206995147 -268.307516305202 
1030.8823205838512 -152355.59329995426 
-705699936.5232433 -2499236123022.3364 
705700418.458612 2499236129866.348 
24.489548867035925 23898.117913688944 
2185.731400048384 66363.08109414305 
1454.936423798248 -117201.1935770824 
203.78814467736086 -98.55658512325004 
-24546.407141905842 42755.43367304023 