2926.1141733581703 -1521379.2272194207 
1496.7946679120828 -1125463.8479838446 
3996.044241985404 -5551209.378690075 
-25438.204003547467 3453850.64583002 
107242.40245845634 2531874.344513741 
-107.68256296969123 11982.210494466828 
2168.0762111165486 38652.779704284 
-421.7498347645272 39294.88220034056 
146023.78844056863 52450796.131826594 
18703.439817168593 9088662.071982862 
370.64553475781986 6826756.640754871 
44157.12476550177 -148419801.84233338 
101.81502929599615 -1201825.8874483407 
1055.4457369155136 695768.4341520648 
-711.2491311318271 -4937369.085267796 
99.42590798787504 303263.21825179097 
430.88448319510076 -251.56648006143018 
74449.22302776462 150517377.16604322 
841882.9833740513 -52125314.51895817 
94019.32271927294 173.8012130863466 