-345.3750456125851 -2815.672518595059 
2160.5245357021404 599998.7987615939 
118809.73009259895 25587734.363713183 
-85.47936711422055 286.99026636659426 
-233.8168767045089 -466.45670407500387 
2269.7395483021605 523200.78297646507 
149.3251959985226 146.7953635422281 
484.49681377965493 -20362.997732109834 
-237.06334787075556 -108.74030911801431 
-1138.0318932295224 -68005.38736876966 
127.74827034918357 -7885.510170807174 
12.054385365075518 -268.8623367813451 
968.8611721927101 -152661.4217978406 
-533577942.8491017 -2503739870102.1665 
441780026.35893965 2503739876957.9756 
258.6942794813833 23054.069914212523 
837.8118655819403 66674.21982873073 
-203.80669624411416 -116902.75293912312 
227.17516814095654 -178.5014123265653 
-6196.31077677532 37161.66346372483 