2899.818777570339 -1525437.4079117663 
1476.164868301346 -1128570.5228852273 
3968.336030004008 -5566060.112518676 
-25401.5207107913 3463102.5918686762 
107098.48870692722 2538639.078153316 
-249.34928802493826 12759.403906899946 
2094.2430089401823 38756.44799335354 
100.5284185462315 39486.879732822315 
141894.0499104695 52589812.89989055 
18674.965322288823 9113208.752128083 
348.9912119141193 6845408.328518959 
41451.79472606737 -148822116.67811105 
-85.90168306248142 -1209849.2617047438 
990.0788510498176 697629.569150564 
-698.0228900152573 -4950701.320699719 
73.66575320232735 304261.8057225123 
406.5354803280475 -229.9746694260145 
75351.85218807972 150920965.49038887 
843259.5623664601 -52264333.09463066 
94165.67102506115 201.6004470367574 