2439.6493512832926 -1526622.718113986 
1156.4029743349242 -1129477.9180296906 
3594.2751682551643 -5570397.703092376 
-25053.029429607723 3465804.892939373 
106019.1355704588 2540614.916196558 
130.5751109868613 12621.514753081166 
2008.104273066398 38786.727345133615 
-368.3350134064658 39540.40784068957 
142582.339665486 52630416.80739438 
18746.151559488248 9120378.327021984 
367.03648095053643 6850856.098707479 
45509.78978521898 -148939624.47667977 
339.22145963171806 -1210456.1959197116 
1175.2850276692898 698173.1679867593 
-810.4459395061004 -4954595.389464488 
-202.54035088715713 304567.3436799718 
102.17294448988214 212.65744860000734 
62263.729363510705 151038845.24848983 
823299.1669765322 -52304937.530099355 
91750.92397955566 180.7510215739493 