2439.6493512832926 -1526968.2661729383 
1156.4029743349242 -1129742.4467836698 
3594.2751682551643 -5571662.221022336 
-25053.029429607723 3466592.6824040506 
106019.1355704588 2541190.923219334 
241.3327323936907 12571.37324260161 
1958.8821382813617 38795.554545992534 
-344.5950928012354 39562.020128372285 
139829.18064541992 52642253.87873448 
18689.202569728706 9122468.440380884 
352.6002657214027 6852444.262220065 
43706.23642559604 -148973880.98744896 
361.30577873271545 -1211729.2774437903 
1131.7071037588257 698331.6408678197 
-783.9934572729609 -4955730.609511167 
-79.4640558006511 304537.53509875626 
-92.61907844654384 -499.8723023687107 
64068.98768414091 151073210.19491926 
826052.3249613498 -52316774.755354635 
92043.62059113209 -236.23748768221333 