2899.818777570339 -1527808.0283162058 
1476.164868301346 -1130385.313174154 
3968.336030004008 -5574735.293666076 
-25474.887296303634 3468507.1940100696 
107386.31620998547 2542590.7542398004 
0.49929979977045663 12107.564270665718 
2094.243008940397 38817.00669692045 
100.52841854793017 39593.93594855308 
141894.0499104695 52671020.71489821 
18731.914312048364 9127547.901915886 
348.9912119141193 6856303.868896 
41451.79472606737 -149057132.2752485 
410.9954967099596 -1214823.1616127724 
990.0788510498176 698716.7668229546 
-698.0228900152573 -4958489.458229258 
219.6399636537647 304410.8486285901 
-396.9816142847092 -57.240184342688906 
75351.85218807972 151156725.00659078 
846012.7203512777 -52345541.96556805 
94458.36763663757 187.70083006155195 