2926.1141733581703 -1528491.0884327393 
1496.7946679120828 -1130908.2188506243 
3996.044241985404 -5577234.922132276 
-25511.5705890598 3470064.4522542 
107818.05746457283 2543729.372773194 
-218.44018437652073 12032.352004946384 
2168.0762111181016 38834.4558149056 
-421.74983476976513 39616.05084757457 
146023.78844056863 52694419.576849565 
18817.337796687676 9131679.52134627 
370.64553475781986 6859443.261885995 
44157.12476550177 -149124848.63374573 
377.8690180584635 -1217339.7181138583 
1055.4457369155136 699030.0271692367 
-711.2491311318271 -4960733.497856413 
70.80351378171093 304887.7859280391 
-421.33061715176245 -35.64837370727321 
74449.22302776462 151224655.71464896 
844636.1413588689 -52368941.13177035 
94604.71594242578 159.90159611114112 