2413.3539554954614 -1531026.446865284 
1135.7731747241874 -1132849.1216850525 
3566.5669562737685 -5586512.954850936 
-25089.71272236389 3475844.628442707 
106163.04932198793 2547955.656858909 
55.87811050318534 12170.241158765164 
1983.4932056735468 38899.22283521514 
-356.46505310621404 39733.410595780086 
141205.76015545297 52781270.64679843 
18774.62605436802 9147015.120526105 
374.2545885651033 6871095.949984153 
46411.566465030446 -149376195.82322663 
328.17930008121937 -1216732.7838988905 
1197.0739896245218 700192.7758663188 
-823.6721806226702 -4969062.844943089 
252.55571699085357 305431.7925352231 
-68.2700755794906 -521.4641130041266 
61361.1002031956 151476798.5192649 
824675.745968941 -52455793.33102712 
91897.27228534388 -111.14093490536456 