2952.4095691460016 -1531199.22089476 
1517.4244675228197 -1132981.386062042 
4023.7524539667997 -5587145.213815916 
-25621.6204673283 3476238.523175046 
107961.97121610196 2548243.660370297 
0.49929979977046285 11906.998228747494 
2192.687278511251 38903.636435650056 
-433.61979507403026 39744.21673961787 
147400.36795060168 52787189.18246848 
18845.812291567447 9148060.177205555 
363.427427143253 6871890.031740446 
43255.348085690304 -149393324.07861122 
388.9111776089622 -1217369.3246609299 
1033.6567749602816 700272.012306849 
-698.0228900152573 -4969630.454966429 
191.01756944760055 305603.1918772126 
-396.9816142847092 -57.24018434268913 
75351.85218807972 151493980.99247962 
848765.8783360954 -52461711.94365476 
94751.064248214 -104.19112641776186 