2978.704964933833 -1531536.7329523412 
1538.0542671335566 -1133239.7629845333 
4051.4606659481956 -5588380.324352156 
-25658.303760084465 3477007.9919544985 
108105.88496763108 2548806.271880915 
-107.68256296969125 11932.068983987272 
2168.0762111185963 38912.25835277862 
-421.74983477130047 39765.326415952244 
146023.78844056863 52798750.97307974 
18817.337796687676 9150101.683277039 
356.20931952868614 6873441.261217855 
42353.571405878836 -149426783.92633927 
399.9533371594609 -1218612.799637937 
1011.8678130050496 700426.7997720707 
-684.7966488986875 -4970739.274546905 
70.80351378171093 305618.0961678204 
430.88448319510076 -251.5664800614304 
76254.48134839482 151527546.75410837 
850142.4573285042 -52473273.88460178 
94897.4125540022 34.805043334292385 