2926.1141733581703 -1532211.7570675036 
1496.7946679120828 -1133756.5168295158 
3996.044241985404 -5590850.545424636 
-25584.937174572133 3478546.9295134037 
107818.05746457283 2549931.494902151 
-246.77352938757014 12734.333151660168 
2118.8540763333003 38929.50218703777 
-89.39094629361924 39794.47787374621 
143270.62942050255 52821874.55430226 
18760.388806928135 9154184.695420006 
341.7731042995524 6876543.720172673 
40550.0180462559 -149493703.62179536 
422.0376562604583 -1221099.7495919513 
968.2898890945855 700736.3747025141 
-684.7966488986875 -4972956.913707859 
-169.62459755006827 305618.0961678204 
430.88448319510076 -208.38285879059902 
76254.48134839482 151594678.27736586 
850142.4573285042 -52496397.76649582 
94897.4125540022 -131.9903603681727 