2387.05855970763 -1532384.5310969797 
1115.1433751134505 -1133888.7812065054 
3538.8587442923726 -5591482.8043896165 
-25053.029429607723 3478940.8242457425 
106019.1355704588 2550219.498413539 
-191.39471868415544 12471.090221642498 
1909.6600034953872 38933.91578747362 
165.81320021670908 39797.744847464455 
137076.02162535384 52827793.08997231 
18746.151559488248 9155229.752099456 
352.6002657214027 6877337.801928966 
43706.23642559604 -149510831.87717995 
361.30577873271545 -1221736.2903539906 
1131.7071037588257 700815.6111430443 
-810.4459395061004 -4973524.523731198 
-231.1627450933213 305446.6968258309 
-92.61907844654384 -499.8723023687109 
62263.729363510705 151611860.75058058 
826052.3249613498 -52502316.37912346 
92043.62059113209 -97.2413179301592 