2360.763163919799 -1535092.6635590005 
1094.5135755027136 -1135961.9484179232 
3511.150532310977 -5601393.096073257 
-25089.71272236389 3485114.8951665885 
106163.04932198793 2554733.7860106416 
-160.48561503573794 12320.665690203832 
1934.2710708876725 39003.0964082912 
-154.67572795956826 39912.84284460058 
138452.60113538688 52920562.695591226 
18774.62605436802 9171610.407958742 
359.81837333596957 6889784.571783417 
44608.01310540751 -149779307.32204545 
-323.3081133982033 -1225052.2236260097 
1153.4960657140577 702057.5962806566 
-823.6721806226702 -4982421.480841214 
-110.94868942743167 306013.0598689266 
-116.96808131359708 -521.4641130041268 
61361.1002031956 151881186.02841124 
824675.745968941 -52595087.19100787 
91897.27228534388 0.05600089627881388 