2899.818777570339 -1535265.4375884766 
1476.164868301346 -1136094.2127949127 
3968.336030004008 -5602025.355038237 
-25621.6204673283 3485508.7898989273 
107961.97121610196 2555021.7895220295 
-215.86442573915264 12057.422760186162 
2143.4651437265306 39007.51000873124 
-409.8798744710474 39916.109818318015 
144647.2089305356 52926481.231261276 
18845.812291567447 9172655.464638192 
363.427427143253 6890578.65353971 
43255.348085690304 -149796435.57743004 
-361.95567182494875 -1224415.6828639703 
1033.6567749602816 702136.8327211868 
-724.4753722483969 -4982989.090864553 
-172.4868369706847 306154.6506297005 
-396.9816142847092 -57.24018434268936 
73546.59386744951 151898368.50162596 
848765.8783360954 -52601005.80363551 
94751.064248214 -215.3880622194052 