2387.05855970763 -1535430.1756165817 
1115.1433751134505 -1136220.3253404144 
3538.8587442923726 -5602628.206609497 
-25126.396015120055 3485884.363946041 
106306.96307351705 2555296.3975212597 
-268.6674778051993 12295.594934964054 
1958.8821382804067 39011.718325429916 
-344.5950928053247 39926.41335081152 
139829.18064541992 52932124.486202486 
18803.10054924779 9173651.914030226 
367.03648095053643 6891335.801260826 
45509.78978521898 -149812767.1697735 
-135.5914010397255 -1224282.453402148 
1175.2850276692898 702212.3837458784 
-836.89842173924 -4983530.300421691 
-231.1627450933213 305998.1555783188 
102.17294448988214 212.6574486000069 
60458.4710428805 151914751.79004 
826052.3249613498 -52606649.131954886 
92043.62059113209 69.55408577230594 