2952.4095691460016 -1541356.7266276805 
1517.4244675228197 -1140757.3010627308 
4023.7524539667997 -5624316.159477998 
-25768.353638352964 3499395.8692995245 
108537.62622221845 2565175.587737471 
0.49929979977043 12007.281249706606 
2143.4651437271823 39163.11508482786 
-409.8798744732323 40214.660954893734 
144647.2089305356 53135144.02372163 
18902.761281326988 9209499.788499732 
348.9912119141193 6918574.6522034295 
41451.79472606737 -150400306.16261712 
410.9954967099596 -1234896.4005273161 
990.0788510498176 704930.3779268549 
-671.5704077821177 -5003000.644245538 
-172.4868369706847 307496.0367844008 
-396.9816142847092 -57.24018434268936 
77157.11050870993 152504150.58054477 
857025.3522905483 -52809671.30929837 
95629.15408294326 48.704660309497825 