2978.704964933833 -1543389.8349745388 
1538.0542671335566 -1142313.7144291662 
4051.4606659481956 -5631756.230089158 
-25805.03693110913 3504031.002661465 
108681.53997374757 2568564.652313337 
80.34781755818273 12834.61617261928 
2168.0762111204526 39215.051871497904 
-421.749834777186 40300.60749418414 
146023.78844056863 53204790.048118025 
18931.23577620676 9221797.43221605 
356.20931952868614 6927918.963103062 
42353.571405878836 -150601861.91202652 
-372.99783137544745 -1239366.9891351275 
1011.8678130050496 705862.7881340238 
-684.7966488986875 -5009679.9621946 
188.15533002698413 308122.0169899276 
-421.33061715176245 -35.64837370727389 
76254.48134839482 152706344.33511794 
855648.7732981395 -52879318.23928874 
95775.50238873147 20.905426359086903 