2952.4095691460016 -1543727.34703212 
1517.4244675228197 -1142572.0913516574 
4023.7524539667997 -5632991.340625398 
-25768.353638352964 3504800.471440918 
108537.62622221845 2569127.2638239553 
188.52968032764426 12809.545417379502 
2143.4651437274424 39223.67378865499 
-409.8798744741639 40321.71717049973 
144647.2089305356 53216351.838729285 
18902.761281326988 9223838.938287534 
348.9912119141193 6929470.192580471 
41451.79472606737 -150635321.75975457 
90.77286974549747 -1239396.595682199 
990.0788510498176 706017.5755992455 
-671.5704077821177 -5010788.781775077 
67.94127436109453 308136.9212805354 
406.5354803280475 -229.97466942601525 
77157.11050870993 152739910.09674668 
857025.3522905483 -52890880.18023576 
95629.15408294326 62.604277284703194 