2413.3539554954614 -1547620.7896963605 
1135.7731747241874 -1145552.6537075385 
3566.5669562737685 -5647239.222882738 
-25309.812478900887 3513676.8434324604 
107314.3593342209 2575617.3894643 
161.48421463527902 12170.241158765164 
1983.4932056724692 39323.1337616342 
-356.4650531116967 40482.804105215386 
141205.76015545297 53349725.35185203 
19002.422013406183 9247389.16904072 
374.2545885651033 6947364.732623442 
46411.566465030446 -151021305.0031888 
151.50474727324024 -1247553.1994004245 
1197.0739896245218 707803.1595730531 
-823.6721806226702 -5023579.807649862 
-228.30050567270482 308487.17210981826 
77.8239416228289 234.24925923542213 
61361.1002031956 153127115.1326783 
832935.2199233939 -53024255.427588865 
93068.05873164957 -125.04055188057004 