2952.4095691460016 -1548468.587840999 
1517.4244675228197 -1146201.6719295105 
4023.7524539667997 -5650341.702920198 
-25841.720223865297 3515609.6757237045 
108825.45372527669 2577030.615996924 
-110.2583216070594 11957.13973922705 
2143.4651437279035 39344.79119642367 
-409.87987447578115 40535.82960165796 
144647.2089305356 53378767.4687446 
18959.71027108653 9252517.237863138 
348.9912119141193 6951261.273334553 
41451.79472606737 -151105352.95402947 
90.77286974549747 -1246916.6586383851 
990.0788510498176 708191.9709440267 
-671.5704077821177 -5026365.056834155 
-20.788147678014454 308777.80577667 
406.5354803280475 -229.9746694260154 
77157.11050870993 153211429.1291505 
859778.5102753659 -53053297.92211054 
95921.85069451969 62.604277284703194 