2387.05855970763 -1549653.8980432188 
1115.1433751134505 -1147109.0670739738 
3538.8587442923726 -5654679.293493899 
-25346.495771657053 3518311.976794401 
107170.44558269178 2579006.4540401665 
-85.78861455206204 12571.37324260161 
1958.8821382791934 39375.07054838941 
-344.59509280907093 40568.7506444704 
139829.18064541992 53419371.37624843 
18973.947518526413 9259686.81275704 
367.03648095053643 6956709.043523074 
45509.78978521898 -151222860.7525982 
-135.5914010397255 -1246842.6422707061 
1175.2850276692898 708735.569780222 
-836.89842173924 -5030259.125598924 
132.341661324964 309113.15231534507 
102.17294448988214 212.65744860000643 
60458.4710428805 153329308.88725147 
834311.7989158027 -53093902.35757924 
92921.71042586135 69.55408577230594 