-101.0383368828365 -3248.623296954555 
1953.1451814706543 629190.7287360319 
105479.13707676221 26392457.98249908 
-40.96860709593057 298.26779703937643 
190.3420634529487 -535.0776980442041 
2166.4417080979238 551502.5008438345 
-81.43755852833553 231.60435012549945 
473.32026141872785 -21600.309557074765 
-10.97545017769298 203.26027160310514 
-1034.8544398726647 -72922.515853197 
41.10601374982275 -9424.470214803769 
60.00036884269646 -269.78703792052204 
960.0010081368328 -157881.24039735825 
-613901539.8970337 -2580608909244.351 
613902021.206552 2580608916301.515 
-39.023598418210725 33863.329778475134 
-1434.3953496614938 71278.0183930534 
1300.6347382129118 -111809.02883022484 
-80.02894746597401 -82.29658506152653 
-21667.960653257916 49148.31391225783 