2387.05855970763 -1552024.5184476583 
1115.1433751134505 -1148923.8573629004 
3538.8587442923726 -5663354.474641299 
-25346.495771657053 3523716.5789357945 
107458.27308575003 2582958.130126651 
-163.06137367310603 12295.594934964054 
1958.882138279046 39435.62925234839 
-344.5950928094966 40675.80686001784 
139829.18064541992 53500579.19125608 
19030.896508285954 9274025.962544842 
367.03648095053643 6967604.583900115 
45509.78978521898 -151457876.34973565 
339.22145963171806 -1254303.492132749 
1175.2850276692898 709822.7674526126 
-836.89842173924 -5038047.263128463 
160.96405553112817 309694.41964904853 
-92.61907844654384 -499.8723023687116 
60458.4710428805 153565068.40345338 
834311.7989158027 -53175111.22851663 
93214.40703743778 55.65446879710046 