2413.3539554954614 -1553382.6026793541 
1135.7731747241874 -1149963.5168843532 
3566.5669562737685 -5668324.324179979 
-25383.17906441322 3526812.77473883 
107314.3593342209 2585221.971681281 
27.544765492136012 12496.160976882276 
1934.271070885702 39470.322204801836 
-332.7251325062053 40760.74817656717 
138452.60113538688 53547101.63442996 
18945.473023646642 9282240.594118193 
345.38215810683585 6973846.435844929 
42804.459745784574 -151592512.40368897 
328.17930008121937 -1254333.0986798205 
1109.9181418035937 710445.6027293381 
-797.2196983895307 -5042508.941916572 
-110.94868942743162 309858.3668457341 
-116.96808131359708 -521.4641130041275 
63166.35852382581 153700130.63476905 
838441.5358930292 -53221634.27661297 
93360.75534322599 166.85140459874387 