2952.4095691460016 -1554905.424939155 
1517.4244675228197 -1151129.2889513078 
4023.7524539667997 -5673897.025289919 
-25988.453394889963 3530284.5445889793 
109401.10873139318 2587760.4212351413 
0.49929979977055966 11906.998228747494 
2192.6872785150026 39509.2234739884 
-433.61979508414873 40814.7788956674 
147400.36795060168 53599267.33254505 
19130.557240365153 9291451.675083578 
363.427427143253 6980845.435510859 
43255.348085690304 -151743480.04998574 
388.9111776089622 -1254969.63944186 
1033.6567749602816 711143.9890307551 
-698.0228900152573 -5047511.830261818 
102.28814740849157 310149.00051258586 
-396.9816142847092 -57.24018434269004 
75351.85218807972 153851576.15449876 
862531.6682601835 -53273800.65302868 
96214.54730609611 -104.19112641776186 