2439.6493512832926 -1555415.7110262124 
1156.4029743349242 -1151519.9302507886 
3594.2751682551643 -5675764.394791139 
-25493.22894268172 3531447.908100771 
107746.10058880827 2588611.0362571473 
-163.06137367310606 12195.311914004942 
1958.8821382788365 39522.25899163382 
-344.59509280982047 40846.69471578596 
139829.18064541992 53616747.65882636 
19030.896508285954 9294538.237834511 
352.6002657214027 6983190.746744561 
43706.23642559604 -151794068.15309837 
361.30577873271545 -1256849.6551809064 
1131.7071037588257 711378.012936507 
-783.9934572729609 -5049188.259865634 
249.6934775702372 310454.5384700454 
-92.61907844654384 -499.8723023687118 
64068.98768414091 153902324.38934222 
842571.2728702556 -53291281.20660334 
93799.80026059062 -236.23748768221333 