2413.3539554954614 -1555753.2230837937 
1135.7731747241874 -1151778.3071732798 
3566.5669562737685 -5676999.505327379 
-25456.545649925552 3532217.3768802234 
107602.18683727915 2589173.6477677654 
-271.2432364425675 12220.38266924472 
1934.2710708855254 39530.8809088175 
-332.72513250655703 40867.804392084174 
138452.60113538688 53628309.44943762 
19002.422013406183 9296579.743905995 
345.38215810683585 6984741.97622197 
42804.459745784574 -151827528.00082642 
372.34793828321415 -1258093.1301579135 
1109.9181418035937 711532.8004017287 
-797.2196983895307 -5050297.079446111 
129.4794219043476 310439.6341794376 
126.52194735693539 234.2492592354219 
63166.35852382581 153935890.15097097 
841194.6938778468 -53302843.14755036 
93653.45195480241 152.95178762353848 