2387.05855970763 -1556765.7592565373 
1115.1433751134505 -1152553.4379407535 
3538.8587442923726 -5680704.836936099 
-25419.862357169386 3534525.783218581 
107746.10058880827 2590861.48229962 
24.969006854767912 12521.231732122054 
1958.882138278771 39556.74666037443 
-344.5950928102168 40889.91929106166 
139829.18064541992 53662994.8212714 
19087.845498045495 9302704.262120446 
367.03648095053643 6989395.664654198 
45509.78978521898 -151927907.54401055 
339.22145963171806 -1261823.555088935 
1175.2850276692898 711997.1627973939 
-836.89842173924 -5053623.538187541 
-231.16274509332123 310394.92130761425 
-92.61907844654384 -499.8723023687118 
60458.4710428805 154036587.4358572 
837064.9569006204 -53337528.970391415 
93507.1036490142 55.65446879710046 