2413.3539554954614 -1558123.8434882332 
1135.7731747241874 -1153593.0974622064 
3566.5669562737685 -5685674.68647478 
-25456.545649925552 3537621.9790216167 
107602.18683727915 2593125.32385425 
55.878110503185596 12320.665690203832 
1934.2710708853672 39591.4396128683 
-332.7251325068717 40974.86060758491 
138452.60113538688 53709517.264445275 
19002.422013406183 9310918.893693797 
345.38215810683585 6995637.516599012 
42804.459745784574 -152062543.59796387 
328.17930008121937 -1261853.1616360066 
1109.9181418035937 712619.9980741193 
-797.2196983895307 -5058085.21697565 
158.10181611051175 310842.0500258477 
-116.96808131359708 -521.4641130041277 
63166.35852382581 154171649.66717288 
841194.6938778468 -53384052.01848775 
93653.45195480241 166.85140459874387 