2413.3539554954614 -1559473.891718558 
1135.7731747241874 -1154626.6051521713 
3566.5669562737685 -5690615.12861974 
-25529.912235437885 3540699.854139427 
107890.0143403374 2595375.7698967224 
-188.81896004678725 12596.443997841388 
1983.4932056719701 39625.92728163173 
-356.4650531138027 41018.08518285231 
141205.76015545297 53755764.42689031 
19116.319992925266 9319084.917979732 
374.2545885651033 7001842.434508649 
46411.566465030446 -152196382.98887604 
328.17930008121937 -1261853.1616360066 
1197.0739896245218 713239.1479350062 
-823.6721806226702 -5062520.495297557 
-110.94868942743162 310991.0929319255 
-68.2700755794906 -521.4641130041277 
61361.1002031956 154305912.71368787 
841194.6938778468 -53430299.782275826 
93653.45195480241 -111.14093490536456 