2387.05855970763 -1561507.0000654163 
1115.1433751134505 -1156183.0185186067 
3538.8587442923726 -5698055.1992309 
-25493.22894268172 3545334.987501368 
108033.92809186652 2598764.8344725887 
58.45386914055379 12195.311914004942 
1958.8821382785095 39677.86406853901 
-344.59509281078857 41104.03172204055 
139829.18064541992 53825410.45128671 
19144.794487805037 9331382.56169605 
367.03648095053643 7011186.745408281 
45509.78978521898 -152397938.73828545 
339.22145963171806 -1269343.618045121 
1175.2850276692898 714171.5581421751 
-836.89842173924 -5069199.813246619 
249.6934775702372 311676.6902998834 
-92.61907844654384 -499.87230236871204 
60458.4710428805 154508106.46826103 
839818.114885438 -53499946.7122662 
93799.80026059062 55.65446879710046 