2926.1141733581703 -1561679.7740948924 
1496.7946679120828 -1156315.2828955962 
3996.044241985404 -5698687.45819588 
-26025.13668764613 3545728.882233707 
109832.84998598055 2599052.8379839766 
3.075058437138802 11932.068983987272 
2168.0762111222475 39682.27766900881 
-421.74983478239767 41114.837865855654 
146023.78844056863 53831328.98695676 
19215.980725004465 9332427.6183755 
370.64553475781986 7011980.827164574 
44157.12476550177 -152415066.99367005 
377.8690180584635 -1269980.1588071603 
1055.4457369155136 714250.7945827052 
-711.2491311318271 -5069767.423269958 
188.1553300269842 311848.0896418729 
-421.33061715176245 -35.64837370727457 
74449.22302776462 154525288.94147575 
863908.2472525924 -53505865.32489384 
96653.59222346074 159.90159611114112 