2439.6493512832926 -1562182.0241805788 
1156.4029743349242 -1156699.7723635891 
3594.2751682551643 -5700525.42030338 
-25566.59552819405 3546873.925060273 
108321.75559492476 2599890.057493825 
-157.90985639836973 12145.170403525386 
2008.1042730652366 39695.10790293284 
-368.33501341741805 41146.25107462042 
142582.339665486 53848534.03250923 
19144.794487805037 9335465.573839018 
367.03648095053643 7014289.204363099 
45509.78978521898 -152464858.43374154 
-312.2659538477046 -1270083.781721911 
1175.2850276692898 714481.1330726185 
-810.4459395061004 -5071417.452407572 
9.265366238457986 311706.498881099 
-92.61907844654384 -499.87230236871204 
62263.729363510705 154575237.99151853 
842571.2728702556 -53523070.59416024 
94092.49687216704 194.65063854915465 