2413.3539554954614 -1562865.0842971122 
1135.7731747241874 -1157222.6780400595 
3566.5669562737685 -5703025.04876958 
-25529.912235437885 3548431.1833044034 
107890.0143403374 2601028.676027219 
-188.81896004678725 12446.01946640272 
1934.2710708850384 39712.557021071145 
-332.7251325073957 41188.97303853869 
138452.60113538688 53871932.89446059 
19059.371003165725 9339597.193269402 
345.38215810683585 7017428.597353094 
42804.459745784574 -152532574.79223877 
328.17930008121937 -1269373.2245921926 
1109.9181418035937 714794.3934189006 
-797.2196983895307 -5073661.492034728 
-234.02498451393765 311721.40317170677 
-116.96808131359708 -521.4641130041277 
63166.35852382581 154643168.6995767 
843947.8518626645 -53546469.760362536 
93946.14856637883 166.85140459874387 