2413.3539554954614 -1564215.132527437 
1135.7731747241874 -1158256.1857300245 
3566.5669562737685 -5707965.49091454 
-25603.278820950218 3551509.058422214 
108177.84184339564 2603279.1220696913 
243.90849103105919 12496.160976882276 
1983.4932056717937 39747.04468987218 
-356.4650531143669 41232.19761379342 
141205.76015545297 53918180.05690563 
19173.268982684807 9347763.217555337 
374.2545885651033 7023633.515262731 
46411.566465030446 -152666414.18315095 
328.17930008121937 -1269373.2245921926 
1197.0739896245218 715413.5432797874 
-823.6721806226702 -5078096.770356635 
158.10181611051175 312213.24476176355 
-68.2700755794906 -521.4641130041277 
61361.1002031956 154777431.7460917 
843947.8518626645 -53592717.52415061 
93946.14856637883 -111.14093490536456 