2926.1141733581703 -1566421.0149037715 
1496.7946679120828 -1159944.8634734494 
3996.044241985404 -5716037.820490681 
-26098.50327315846 3556538.0865164935 
110120.67748903879 2606956.1901569455 
-136.01590798074068 12834.61617261928 
2168.0762111225426 39803.395077309084 
-421.7498347831684 41328.95029676959 
146023.78844056863 53993744.616972074 
19272.929714764006 9361105.917951105 
370.64553475781986 7033771.907918656 
44157.12476550177 -152885098.18794495 
377.8690180584635 -1277500.2217633463 
1055.4457369155136 716425.1899274865 
-711.2491311318271 -5085343.698329036 
-141.002203343904 312638.0170440853 
-421.33061715176245 -35.64837370727457 
74449.22302776462 154996807.97387958 
866661.40523741 -53668283.066768624 
96946.28883503716 159.90159611114112 