2387.05855970763 -1567943.8371635724 
1115.1433751134505 -1161110.635540404 
3538.8587442923726 -5721610.521600621 
-25566.59552819405 3560009.8563666428 
108033.92809186652 2609494.639710806 
164.05997327264686 12295.594934964054 
1909.6600034913354 39842.29634661115 
165.8132002349637 41403.58808077199 
137076.02162535384 54045910.31508716 
19144.794487805037 9370316.99891649 
352.6002657214027 7040770.907584586 
43706.23642559604 -153036065.83424172 
140.46258772274155 -1277663.0577722401 
1131.7071037588257 717123.5762289035 
-810.4459395061004 -5090346.586674282 
132.34166132496406 312898.8421297215 
102.17294448988214 212.65744860000552 
62263.729363510705 155148253.49360928 
845324.4308550733 -53720449.44318434 
94092.49687216704 -83.34170095495375 