2360.763163919799 -1568281.3492211537 
1094.5135755027136 -1161369.0124628951 
3511.150532310977 -5722845.632136861 
-25603.278820950218 3560779.3251460954 
108177.84184339564 2610057.251221424 
55.87811050318483 12270.524179724276 
1934.2710708847733 39850.91826382009 
-154.67572795710507 41411.62986221267 
138452.60113538688 54057472.10569842 
19173.268982684807 9372358.504987974 
359.81837333596957 7042322.137061995 
44608.01310540751 -153069525.68196976 
-323.3081133982033 -1277692.6643193117 
1153.4960657140577 717278.3636941252 
-823.6721806226702 -5091455.406254759 
12.127605659074462 312883.9378391137 
-116.96808131359708 -521.4641130041282 
61361.1002031956 155181819.25523803 
843947.8518626645 -53732011.38413136 
93946.14856637883 0.05600089627881388 