2952.4095691460016 -1569129.1473657922 
1517.4244675228197 -1162018.0306848672 
4023.7524539667997 -5725948.112174321 
-26208.55315142696 3562712.1574373394 
110264.59124056791 2611470.477754048 
-215.86442573915434 11957.13973922705 
2192.6872785161527 39872.57569871642 
-433.6197950869045 41457.116188485925 
147400.36795060168 54086514.22259099 
19301.404209643777 9377486.573810391 
363.427427143253 7046218.677773107 
43255.348085690304 -153153573.63281044 
388.9111776089622 -1277529.828310418 
1033.6567749602816 717667.1750650988 
-698.0228900152573 -5094240.655439052 
-261.21625900979365 313204.380087181 
-396.9816142847092 -57.240184342690725 
75351.85218807972 155266133.25171024 
870791.1422146364 -53761053.878653035 
97092.63714082538 -104.19112641776186 