166.56853458305335 -3651.1430301895825 
2096.006514385683 647366.8360786065 
113765.72192444452 26893512.311177094 
-13.248272909656698 292.43448646240506 
84.61815454518256 -32.77199849235045 
2220.5501005858573 569124.3251763475 
-202.76349403508132 173.7465232875271 
472.4605266217335 -22370.71125941142 
107.30405265562858 -213.29114708486495 
-963.4238952409934 -75984.12415482156 
47.55047911671724 -11467.089909562885 
89.85252859668373 -272.93101801622 
773.9375629634094 -161131.3161291334 
-281132352.1270257 -2628470763804.579 
189334433.91577482 2628470770987.115 
-297.0457592645257 39717.21106516682 
452.69199859152764 70502.8083255214 
-435.25922462211827 -109871.6938414383 
-193.00010689907162 -154.11259340036892 
-11233.592131909187 37161.66346372483 