2413.3539554954614 -1572347.5659148702 
1135.7731747241874 -1164481.8391957658 
3566.5669562737685 -5737725.773359181 
-25676.64540646255 3570049.591869977 
108465.66934645388 2616835.3803731566 
-165.63713231047566 12220.38266924472 
1934.2710708845655 39954.79183785735 
-332.7251325081303 41617.19790026866 
138452.60113538688 54196764.154491216 
19173.268982684807 9396953.79242061 
345.38215810683585 7061010.75886126 
42804.459745784574 -153472637.18078858 
328.17930008121937 -1284413.3505045646 
1109.9181418035937 719143.184108463 
-797.2196983895307 -5104814.0421528835 
-199.6781114665406 314046.47250652063 
-116.96808131359708 -521.4641130041282 
63166.35852382581 155586206.76438436 
849454.1678322997 -53871305.244112104 
94531.54178953168 166.85140459874387 