2952.4095691460016 -1573870.3881746712 
1517.4244675228197 -1165647.6112627203 
4023.7524539667997 -5743298.474469122 
-26281.919736939293 3573521.361720126 
110552.41874362616 2619373.829927017 
77.77205892081373 12859.686927859058 
2192.687278516412 39993.693107207844 
-433.61979508750363 41671.22861930883 
147400.36795060168 54248929.852606304 
19358.35319940332 9406164.873385996 
363.427427143253 7068009.7585271895 
43255.348085690304 -153623604.82708535 
388.9111776089622 -1285049.891266604 
1033.6567749602816 719841.57040988 
-698.0228900152573 -5109816.93049813 
191.01756944760066 314396.7233358035 
-396.9816142847092 -57.240184342690725 
75351.85218807972 155737652.28411406 
873544.3001994541 -53923471.62052782 
97385.3337524018 -104.19112641776186 