2387.05855970763 -1575055.698376891 
1115.1433751134505 -1166555.0064071836 
3538.8587442923726 -5747636.065042822 
-25713.328699218717 3576223.662790823 
108609.583097983 2621349.667970259 
53.30235186581642 12345.73644544361 
1909.660003490942 40023.97245934731 
165.81320023682147 41724.756727006665 
137076.02162535384 54289533.76011013 
19258.69246732412 9413334.448279897 
352.6002657214027 7073457.52871571 
43706.23642559604 -153741112.62565407 
361.30577873271545 -1289416.8569596647 
1131.7071037588257 720385.1692460753 
-810.4459395061004 -5113710.999262899 
-231.16274509332118 314240.2282844218 
-92.61907844654384 -499.8723023687125 
62263.729363510705 155855532.04221502 
850830.7468247085 -53964076.055996515 
94677.89009531989 -97.2413179301592 