2899.818777570339 -1575220.436404996 
1476.164868301346 -1166681.1189526853 
3968.336030004008 -5748238.916614082 
-26208.55315142696 3576599.2368379366 
110264.59124056791 2621624.2759694895 
0.499299799769564 12107.564270665718 
2094.24300894239 40028.18077608616 
100.52841856775557 41735.060259473685 
141894.0499104695 54295177.01505134 
19301.404209643777 9414330.89767193 
348.9912119141193 7074214.676436827 
41451.79472606737 -153757444.21799752 
410.9954967099596 -1290023.7911746325 
990.0788510498176 720460.7202707669 
-698.0228900152573 -5114252.208820037 
-261.21625900979365 314545.7662418813 
-396.9816142847092 -57.240184342690725 
75351.85218807972 155871915.33062905 
873544.3001994541 -53969719.38431589 
97385.3337524018 187.70083006155195 