166.5685345830523 -3667.741782075571 
2068.3559338214855 653802.3956161689 
111604.00413809261 27070919.106976964 
-3.433731304947093 294.767799136974 
-8.88999373636626 -109.6276198081205 
2210.7122110425967 575363.6313993426 
-245.72533971655386 137.3602441937634 
470.7410570277447 -22643.485067894253 
149.15006412729556 -166.77228114335148 
-915.8035321532125 -77068.13857740634 
-111.4129999333479 -11634.976459817059 
100.45293818385029 -274.0402721581843 
720.7765786281456 -162282.06064660402 
-212283554.65736905 -2645417066376.143 
120485635.97672988 2645417073603.0693 
52.27655080433138 42113.21828948714 
67.57213160111492 70471.1670982752 
-49.50501065877843 -109841.34394605261 
-105.01330601427799 -135.1425888656456 
-14831.650242719094 48349.20388235563 