2439.6493512832926 -1579121.9150706076 
1156.4029743349242 -1169667.8331400543 
3594.2751682551643 -5762516.206265142 
-25860.061870243382 3585493.9295147043 
109185.2381040995 2628127.797121992 
-163.0613736731075 12195.311914004942 
1958.882138277856 40127.84603352247 
-344.5950928119624 41917.25687015477 
139829.18064541992 54428825.80890293 
19315.64145708366 9437929.735712534 
352.6002657214027 7092146.150514974 
43706.23642559604 -154144224.1244729 
361.30577873271545 -1294449.9699618365 
1131.7071037588257 722249.9896604131 
-783.9934572729609 -5127069.635161024 
37.887760444622195 315223.91146453534 
-92.61907844654384 -499.8723023687125 
64068.98768414091 156259919.55136135 
856337.0627943438 -54103369.91597726 
95263.28331847274 -236.23748768221333 