2413.3539554954614 -1579459.4271281888 
1135.7731747241874 -1169926.2100625455 
3566.5669562737685 -5763751.316801382 
-25823.378577487216 3586263.398294157 
109041.32435257037 2628690.40863261 
-271.2432364425699 12220.38266924472 
1934.2710708842899 40136.4679507496 
-332.72513250848243 41938.36654642471 
138452.60113538688 54440387.59951419 
19287.16696220389 9439971.241784018 
345.38215810683585 7093697.3799923835 
42804.459745784574 -154177683.97220093 
372.34793828321415 -1295693.4449388436 
1109.9181418035937 722404.7771256348 
-797.2196983895307 -5128178.4547415 
158.1018161105118 315238.8157551431 
126.52194735693539 234.24925923542116 
63166.35852382581 156293485.3129901 
854960.483801935 -54114931.85692428 
95116.93501268452 152.95178762353848 