2387.05855970763 -1579796.93918577 
1115.1433751134505 -1170184.5869850367 
3538.8587442923726 -5764986.427337622 
-25786.69528473105 3587032.8670736095 
108897.41060104125 2629253.020143228 
-191.39471868415717 12471.090221642498 
1909.660003490736 40145.089867977134 
165.81320023783738 41938.86915776462 
137076.02162535384 54451949.390125446 
19315.64145708366 9442012.747855501 
352.6002657214027 7095248.609469793 
43706.23642559604 -154211143.81992897 
361.30577873271545 -1296936.9199158507 
1131.7071037588257 722559.5645908565 
-810.4459395061004 -5129287.274321977 
249.69347757023726 315402.7629518287 
-92.61907844654384 -499.8723023687125 
62263.729363510705 156327051.07461885 
853583.9048095262 -54126493.7978713 
94970.58670689631 -97.2413179301592 