2387.05855970763 -1582167.5595902095 
1115.1433751134505 -1171999.3772739633 
3538.8587442923726 -5773661.608485023 
-25786.69528473105 3592437.469215003 
108897.41060104125 2633204.6962297126 
-52.303752266277364 12345.73644544361 
1909.6600034906478 40205.64857233093 
165.81320023828567 42045.9253731251 
137076.02162535384 54533157.2051331 
19315.64145708366 9456351.897643303 
352.6002657214027 7106144.149846834 
43706.23642559604 -154446159.41706643 
140.46258772274155 -1300223.2466407982 
1131.7071037588257 723646.7622632472 
-810.4459395061004 -5137075.411851516 
37.887760444622195 315894.6045418855 
102.17294448988214 212.65744860000547 
62263.729363510705 156562810.59082076 
853583.9048095262 -54207702.66880869 
94970.58670689631 -83.34170095495375 