164.40170250340364 243.39648843320566 
70.81624628470588 85.74121035491136 
-183.1939290358365 5.80156137075509 
-203.99966000854812 233.59985132840825 
209.16211802776704 -11.582086003460665 
144.7747458603561 71.98491787909339 
3.80054666334557 213.39877570480024 
-38.98499132458376 -5.224166753536836 
100.87960227273602 -221.68017664603835 
-44.22322308511062 40.13500082330214 
226.92962053363763 -120.18930454894578 
-15.00562172553748 -71.17060304708365 
-159.06915454887593 193.11464456494133 
231.073651620412 152.69250182786408 
246.3191993385299 123.10638071091194 
110.19982352609071 -11.872954392640663 
157.42094632240398 -79.61244624894685 
-139.60195525373283 73.99417235305249 
177.36833722351014 -152.10610304761744 
66.6565999696385 6.373277199442677 