-298.83472014022834 -3833.7293009353275 
2105.2233745737512 660527.8452229907 
114486.29451989515 27256317.199884936 
6.822761604283487 291.65668927118435 
-106.60984264899882 274.65002028906594 
2230.387990129118 581883.9874522022 
-229.46950270341048 99.33494228985121 
467.30211783976716 -22928.545984867305 
192.8689930178958 -12.61347583967653 
-884.0566234280252 -78200.98247848592 
-231.70968678204582 -13537.69069603103 
111.54380485134007 -275.51892300163297 
649.8952661811271 -163484.64050269945 
-120485158.03116013 -2663126715910.39 
28687238.724669993 2663126723183.706 
163.42455855351318 42984.493643785434 
-394.5717087873803 71694.62788512842 
413.4000460972293 -111014.87323429929 
-13.06284429160019 179.21764311336983 
-10513.980509747202 38759.88352352923 