2387.05855970763 -1585213.2041098115 
1115.1433751134505 -1174330.9214078723 
3538.8587442923726 -5784807.010704903 
-25860.061870243382 3599381.0089153014 
109473.06560715774 2638281.5953374333 
58.45386914055261 12195.311914004942 
1958.8821382777314 40283.451111181275 
-344.59509281225763 42174.59387607806 
139829.18064541992 54637488.60136328 
19429.539436602743 9474774.059574073 
367.03648095053643 7120142.149178694 
45509.78978521898 -154748094.70965996 
339.22145963171806 -1306943.932826051 
1175.2850276692898 725043.5348660812 
-836.89842173924 -5147081.188542008 
37.887760444622195 316624.91478166677 
-92.61907844654384 -499.8723023687125 
60458.4710428805 156865701.63028017 
853583.9048095262 -54312035.42164012 
95263.28331847274 55.65446879710046 