2899.818777570339 -1587073.5384271936 
1476.164868301346 -1175755.070397318 
3968.336030004008 -5791614.822351083 
-26355.286322451626 3603622.2475449033 
110840.2462466844 2641382.6564019118 
-27.834045211280092 12659.120885940834 
2094.243008942546 40330.97429785885 
100.52841856968587 42270.341336273166 
141894.0499104695 54701216.09008963 
19415.30218916286 9486026.646610942 
348.9912119141193 7128692.378322033 
41451.79472606737 -154932522.20368478 
-85.90168306248142 -1307610.080135162 
990.0788510498176 725896.7086327199 
-698.0228900152573 -5153192.896467731 
-172.48683697068455 316900.6441579107 
406.5354803280475 -229.97466942601633 
75351.85218807972 157050712.91163862 
879050.6161690893 -54375763.73900285 
97970.72697555464 201.6004470367574 