2413.3539554954614 -1587921.3365718322 
1135.7731747241874 -1176404.0886192902 
3566.5669562737685 -5794717.302388543 
-25970.11174851188 3605555.0798361474 
109616.97935868686 2642795.882934536 
243.9084910310593 12496.160976882276 
1983.4932056712917 40352.63173282978 
-356.4650531158321 42302.75976767556 
141205.76015545297 54730258.206982195 
19458.013931482514 9491154.71543336 
374.2545885651033 7132588.919033145 
46411.566465030446 -155016570.15452546 
328.17930008121937 -1306973.5393731226 
1197.0739896245218 726285.5200036935 
-823.6721806226702 -5155978.145652024 
-82.32629522126734 317191.27782476245 
-68.2700755794906 -521.4641130041282 
61361.1002031956 157135026.90811083 
857713.6417867526 -54404806.23352453 
95409.63162426095 -111.14093490536456 