2978.704964933833 -1590802.243063329 
1538.0542671335566 -1178609.5202076975 
4051.4606659481956 -5805259.853037164 
-26538.702786232458 3612123.045489332 
111559.81500433001 2647598.1740430263 
80.34781755818177 12834.61617261928 
2168.0762111234358 40426.22595500101 
-421.74983478529987 42441.73180305758 
146023.78844056863 54828946.34827116 
19500.72567380217 9508580.427972095 
356.20931952868614 7145829.770643888 
42353.571405878836 -155302173.85477555 
-372.99783137544745 -1314567.6186969876 
1011.8678130050496 727606.741581836 
-684.7966488986875 -5165442.712785379 
-141.00220334390394 317586.24152586865 
-421.33061715176245 -35.64837370727503 
76254.48134839482 157421534.6591562 
883180.3531463158 -54503495.65803658 
98702.4685044957 20.905426359086903 