2899.818777570339 -1591814.7792360727 
1476.164868301346 -1179384.6509751712 
3968.336030004008 -5808965.184645884 
-26428.65290796396 3614431.45182769 
111128.07374974265 2649286.0085748807 
111.25692120659942 12057.422760186162 
2094.243008942582 40452.09170673364 
100.52841857027092 42484.453766914776 
141894.0499104695 54863631.72010494 
19472.2511789224 9514704.946186546 
348.9912119141193 7150483.459076116 
41451.79472606737 -155402553.39795968 
-85.90168306248142 -1315130.143091348 
990.0788510498176 728071.1039775012 
-698.0228900152573 -5168769.171526809 
219.63996365376488 317601.14581647643 
406.5354803280475 -229.97466942601633 
75351.85218807972 157522231.94404244 
881803.774153907 -54538181.48087764 
98263.42358713107 201.6004470367574 