2387.05855970763 -1592325.06532313 
1115.1433751134505 -1179775.292274652 
3538.8587442923726 -5810832.554147104 
-26006.795041268047 3615594.8153394815 
109760.89311021598 2650136.6235968866 
-52.30375226627753 12245.453424484498 
1958.8821382775932 40465.127224473865 
-344.59509281243146 42495.7625220531 
139829.18064541992 54881112.04638625 
19486.488426362284 9517791.50893748 
367.03648095053643 7152828.770309818 
45509.78978521898 -155453141.50107232 
-135.5914010397255 -1314523.2088763802 
1175.2850276692898 728305.127883253 
-836.89842173924 -5170445.601130625 
132.34166132496412 317906.68377393595 
102.17294448988214 212.65744860000547 
60458.4710428805 157572980.1788859 
859090.2207791614 -54555662.0344523 
95555.97993004916 69.55408577230594 