151.05509275894207 -4010.782654385731 
2105.223374573753 674094.7004643383 
114486.29451989515 27630309.904544123 
27.51214122372083 291.65688412024775 
-213.59620889790884 225.24285360552332 
2289.415327388682 595037.1194898675 
-138.9004356046312 22.628859637976138 
477.6189354036998 -23503.582662209497 
220.75865000755883 247.86173992932282 
-884.0566234280252 -80486.20207204302 
103.40251229646987 -13537.69069603103 
133.91731463435582 -275.5189472325032 
649.8952661811271 -165910.53435034023 
-120485158.03116013 -2698851353763.9575 
28687238.724669993 2698851361130.8525 
68.15483762564304 48647.78344672437 
-240.52376199121522 74162.64361033232 
259.09836051189234 -113382.1650743831 
172.42299348460753 -289.6092994584626 
-11953.203754071164 40358.10358333363 