2413.3539554954614 -1598424.3903637049 
1135.7731747241874 -1184444.532373958 
3566.5669562737685 -5833152.765980585 
-26116.844919536547 3629500.2154253037 
110192.63436480335 2660303.8173244856 
161.4842146352782 12320.665690203832 
1934.2710708838654 40620.93758619297 
-332.7251325089463 42794.81626900812 
138452.60113538688 55090050.11957544 
19514.962921242055 9554684.440086436 
345.38215810683585 7180861.703008714 
42804.459745784574 -156057808.74930054 
372.34793828321415 -1325773.6967635876 
1109.9181418035937 731102.3585047597 
-797.2196983895307 -5190483.554977812 
129.4794219043477 319233.16563802847 
126.52194735693539 234.24925923542116 
63166.35852382581 158179561.4426054 
865973.1157412055 -54764602.82442342 
96287.72145899021 152.95178762353848 