2360.763163919799 -1603840.6552877463 
1094.5135755027136 -1188590.8667967936 
3511.150532310977 -5852973.349347865 
-26116.844919536547 3641848.3572669956 
110480.4618678616 2669332.392518691 
-83.2128559146955 12496.160976882276 
1934.2710708837699 40759.298829774045 
-154.6757279554905 43017.47309232572 
138452.60113538688 55275589.330813274 
19628.860900761138 9587445.751805007 
359.81837333596957 7205755.242717615 
44608.01310540751 -156594759.63903153 
350.26361918221676 -1335780.709673788 
1153.4960657140577 733586.3287799844 
-823.6721806226702 -5208277.469197843 
158.10181611051186 320306.2745617887 
126.52194735693539 234.2492592354211 
61361.1002031956 158718211.99826673 
865973.1157412055 -54950144.44819224 
96287.72145899021 13.95561787148421 