2387.05855970763 -1604178.1673453276 
1115.1433751134505 -1188849.243719285 
3538.8587442923726 -5854208.459884105 
-26153.528212292713 3642617.826046448 
110624.37561939072 2669895.004029309 
24.969006854766537 12521.231732122054 
1958.8821382774322 40767.92074703295 
-344.59509281260836 43031.043598486176 
139829.18064541992 55287151.12142453 
19657.33539564091 9589487.257876491 
367.03648095053643 7207306.472195025 
45509.78978521898 -156628219.48675957 
339.22145963171806 -1337024.184650795 
1175.2850276692898 733741.1162452061 
-836.89842173924 -5209386.28877832 
249.69347757023732 320470.2217584743 
-92.61907844654384 -499.8723023687125 
60458.4710428805 158751777.75989547 
864596.5367487967 -54961706.38913926 
96434.06976477843 55.65446879710046 