2413.3539554954614 -1605536.2515770234 
1135.7731747241874 -1189888.9032407377 
3566.5669562737685 -5859178.309422785 
-26190.21150504888 3645714.0218494837 
110480.4618678616 2672158.845583939 
55.878110503184274 12320.665690203832 
1934.2710708837408 40802.61369981588 
-332.72513250902045 43115.984914820656 
138452.60113538688 55333673.56459841 
19571.911911001596 9597701.889449842 
345.38215810683585 7213548.324139838 
42804.459745784574 -156762855.5407129 
328.17930008121937 -1337053.7911978667 
1109.9181418035937 734363.9515219316 
-797.2196983895307 -5213847.967566429 
-234.02498451393754 320514.93463029765 
-116.96808131359708 -521.4641130041282 
63166.35852382581 158886839.99121115 
868726.2737260232 -55008229.437235594 
96580.41807056664 166.85140459874387 