2926.1141733581703 -1605700.9896051285 
1496.7946679120828 -1190015.0157862394 
3996.044241985404 -5859781.160994045 
-26685.435957257123 3646089.5958965975 
112135.4700104465 2672433.4535831693 
3.075058437137312 12082.49351542594 
2118.854076336329 40806.822016573926 
-89.39094628572462 43113.2205524549 
143270.62942050255 55339316.81953962 
19614.623653321254 9598698.338841876 
341.7731042995524 7214305.471860955 
40550.0180462559 -156779187.13305634 
377.8690180584635 -1337660.7254128344 
968.2898890945855 734439.5025466231 
-684.7966488986875 -5214389.177123566 
-264.07849843041004 320820.47258775716 
-421.33061715176245 -78.83199497810642 
76254.48134839482 158903223.27962518 
891439.8271007687 -55013872.76555497 
99287.86172764855 -118.0907433929673 