2899.818777570339 -1608409.1220671493 
1476.164868301346 -1192088.1829976572 
3968.336030004008 -5869691.452677686 
-26722.11925001329 3652263.6668174434 
112279.38376197562 2676947.741180272 
222.0145426134298 12007.281249706606 
2094.243008942683 40876.0026384132 
100.52841857169254 43233.84727386839 
141894.0499104695 55432086.42515854 
19700.047137960566 9615078.994701162 
348.9912119141193 7226752.241715405 
41451.79472606737 -157047662.57792184 
410.9954967099596 -1342664.2318679346 
990.0788510498176 735681.4876842354 
-698.0228900152573 -5223286.134233582 
-172.4868369706845 321297.40988720616 
-396.9816142847092 -57.24018434269073 
75351.85218807972 159172548.55745584 
892816.4060931775 -55106643.57743938 
99434.21003343676 187.70083006155195 