-283.32127831611615 -4345.524150752851 
2086.789654197623 690618.4344121334 
113045.14932899388 28085813.83970595 
52.710713830381856 293.21233499422374 
26.50017191408821 285.6300965022173 
2289.415327388682 611056.959792152 
-28.599778288725197 -70.80173663740786 
477.6189354036998 -24203.94784615191 
113.34638873886904 -130.8902739683936 
-884.0566234280252 -83269.48234624717 
66.16782350996807 -15496.367115663059 
161.2193873405217 -274.7798064492363 
685.3359224046363 -168865.148651954 
-166384356.3442646 -2742362130636.892 
74586437.35069983 2742362138117.7617 
211.05941901744825 52840.79608928492 
-240.52376199121522 77168.5601987217 
259.09836051189194 -115071.6425841865 
122.49765426352187 168.39405113801968 
-11953.203754071164 38759.88352352923 