2978.704964933833 -1616879.0675121637 
1538.0542671335566 -1198572.2133858898 
4051.4606659481956 -5900686.845658567 
-26978.902299306454 3671573.669044659 
113286.78002267948 2691066.6109943553 
-246.77352938757303 12734.333151660168 
2168.076211123784 41092.37170506368 
-421.7498347860376 43619.35017099108 
146023.78844056863 55722232.313355386 
19842.41961235942 9666311.07563792 
356.20931952868614 7265680.714791343 
42353.571405878836 -157887345.4232875 
399.9533371594609 -1353973.9328492852 
1011.8678130050496 739565.9159781327 
-684.7966488986875 -5251112.225610307 
70.80351378171116 323205.15908500215 
430.88448319510076 -251.566480061432 
76254.48134839482 160014889.33737725 
899699.3010552216 -55396793.238347895 
100165.95156237781 34.805043334292385 