2952.4095691460016 -1618912.175859022 
1517.4244675228197 -1200128.626752325 
4023.7524539667997 -5908126.916269727 
-26942.219006550287 3676208.8024065997 
113430.6937742086 2694455.6755702216 
106.10540393186305 11906.998228747494 
2192.6872785175096 41144.308492436096 
-433.61979508966647 43705.296709972456 
147400.36795060168 55791878.33775178 
19870.89410723919 9678608.719354238 
363.427427143253 7275025.025690975 
43255.348085690304 -158088901.17269692 
-85.90168306248142 -1360191.3077343209 
1033.6567749602816 740498.3261853016 
-698.0228900152573 -5257791.54355937 
102.28814740849174 323339.2977004722 
406.5354803280475 -229.97466942601636 
75351.85218807972 160217083.09195042 
898322.7220628128 -55466440.16833827 
100312.29986816602 -90.2915094425565 