2952.4095691460016 -1626024.0370723405 
1517.4244675228197 -1205572.9976191048 
4023.7524539667997 -5934152.459711928 
-27088.952177574953 3692422.60883078 
113718.52127726685 2706310.703829675 
0.4992997997685 11906.998228747494 
2192.687278517615 41325.98460643974 
-433.619795089755 44026.465355606655 
147400.36795060168 56035501.782774754 
19984.792086758272 9721626.168717645 
363.427427143253 7307711.646822099 
43255.348085690304 -158793947.96410927 
388.9111776089622 -1367770.58378465 
1033.6567749602816 743759.9192024735 
-698.0228900152573 -5281155.956147986 
67.94127436109474 325053.291120367 
-396.9816142847092 -57.24018434269232 
75351.85218807972 160924361.64055616 
903829.038032448 -55710066.781150445 
100604.99647974245 -104.19112641776186 