2926.1141733581703 -1627036.5732450841 
1496.7946679120828 -1206348.1283865785 
3996.044241985404 -5937857.791320648 
-27052.268884818786 3694731.0151691376 
113574.60752573772 2707998.5383615294 
-246.773529387574 12734.333151660168 
2118.85407633647 41351.85035827241 
-89.39094628518473 44076.726489504086 
143270.62942050255 56070187.15460853 
19899.36860211896 9727750.686932096 
341.7731042995524 7312365.335254326 
40550.0180462559 -158894327.5072934 
422.0376562604583 -1371501.0087156715 
968.2898890945855 744224.2815981386 
-684.7966488986875 -5284482.414889417 
-264.07849843041 325217.2383170526 
430.88448319510076 -208.38285879060246 
76254.48134839482 161025058.9254424 
905205.6170248569 -55744752.6039915 
100751.34478553066 -131.9903603681727 