112.27148819866952 -4525.343962850914 
2077.5727940095585 703779.4435565176 
112324.57673354325 28448618.728413794 
72.51016984438895 293.98688967948783 
218.03658583174456 208.75871795145554 
2299.2532169319425 623816.6220680068 
59.24431086253387 -145.2200787976316 
479.3384049976886 -24761.782571607797 
27.815292518833978 -81.74843841942456 
-868.1831690654316 -85486.34066991153 
-258.9196516644894 -15552.329299081117 
182.94299139869852 -275.14931460220583 
667.6155942928817 -171218.47302552004 
-143434757.18771237 -2777018082742.703 
51636838.03768486 2777018090314.3525 
123.72884150023395 58667.450021154786 
-163.49978859313268 79562.74639368446 
336.2492033045597 -116235.05524063794 
-57.417903093867 -127.01669394827698 
-14112.038620557109 37161.66346372483 