2899.818777570339 -1629744.7057071049 
1476.164868301346 -1208421.2955979963 
3968.336030004008 -5947768.083004288 
-27015.58559206262 3700905.0860899836 
113430.6937742086 2712512.825958632 
-105.10680433232562 12107.564270665718 
2094.2430089427567 41421.030980247786 
100.5284185726212 44197.353210853216 
141894.0499104695 56162956.76022745 
19927.84309699873 9744131.342791382 
348.9912119141193 7324812.105108777 
41451.79472606737 -159162802.9521589 
-85.90168306248142 -1375290.646740836 
990.0788510498176 745466.266735751 
-698.0228900152573 -5293379.371999432 
-172.48683697068444 325694.1756165016 
406.5354803280475 -229.97466942601912 
75351.85218807972 161294384.20327306 
903829.038032448 -55837523.41587591 
100604.99647974245 201.6004470367574 