2387.05855970763 -1630254.9917941622 
1115.1433751134505 -1208811.9368974771 
3538.8587442923726 -5949635.452505508 
-26593.72772536671 3702068.449601775 
112063.51313468194 2713363.440980638 
-268.66747780520336 12295.594934964054 
1958.882138277293 41434.06649804001 
-344.5950928127414 44208.661965979365 
139829.18064541992 56180437.08650876 
19942.080344438615 9747217.905542316 
367.03648095053643 7327157.416342479 
45509.78978521898 -159213391.05527154 
-135.5914010397255 -1374683.7125258683 
1175.2850276692898 745700.2906415028 
-836.89842173924 -5295055.801603248 
-202.54035088715685 325999.7135739611 
102.17294448988214 212.65744860000234 
60458.4710428805 161345132.43811652 
881115.4846577025 -55855003.96945057 
97897.55282266054 69.55408577230594 