2978.704964933833 -1631102.7899388007 
1538.0542671335566 -1209460.9551194492 
4051.4606659481956 -5952737.932542969 
-27199.00205584345 3704001.281893019 
114150.26253185421 2714776.667513262 
-25.258286573912983 12834.61617261928 
2168.0762111239214 41455.7239331133 
-421.7498347861946 44261.68746223667 
146023.78844056863 56209479.20340133 
20013.266581638043 9752345.974364733 
356.20931952868614 7331053.957053591 
42353.571405878836 -159297439.00611222 
399.9533371594609 -1376534.1217178432 
1011.8678130050496 746089.1020124764 
-684.7966488986875 -5297841.050787541 
99.42590798787538 325798.50565075607 
430.88448319510076 -251.56648006143524 
76254.48134839482 161429446.43458873 
907958.7750096745 -55884046.46397225 
101044.04139710708 34.805043334292385 