2413.3539554954614 -1631613.076025858 
1135.7731747241874 -1209851.59641893 
3566.5669562737685 -5954605.302044189 
-26630.411018122875 3705164.6454048106 
112207.42688621106 2715627.282535268 
138.3023868989645 12546.302487361832 
1934.2710708835675 41468.759450906655 
-332.72513250912596 44293.6032822583 
138452.60113538688 56226959.529682636 
19913.605849558844 9755432.537115667 
345.38215810683585 7333399.268287293 
42804.459745784574 -159348027.10922486 
372.34793828321415 -1378414.1374568897 
1109.9181418035937 746323.1259182283 
-797.2196983895307 -5299517.480391357 
252.55571699085385 326104.0436082156 
126.52194735693539 234.2492592354178 
63166.35852382581 161480194.6694322 
885245.221634929 -55901527.01754691 
98336.59774002517 152.95178762353848 