2926.1141733581703 -1631777.8140539632 
1496.7946679120828 -1209977.7089644317 
3996.044241985404 -5955208.153615449 
-27125.63547033112 3705540.2194519243 
113862.43502879597 2715901.8905344983 
191.10543896501164 12784.474662139724 
2118.8540763364845 41472.967767674694 
-89.39094628510941 44290.83891989425 
143270.62942050255 56232602.78462385 
19956.317591878502 9756428.9865077 
341.7731042995524 7334156.416008409 
40550.0180462559 -159364358.7015683 
422.0376562604583 -1379021.0716718575 
968.2898890945855 746398.6769429198 
-684.7966488986875 -5300058.689948495 
193.87980886821725 326260.5386595973 
430.88448319510076 -208.38285879060396 
76254.48134839482 161496577.95784622 
907958.7750096745 -55907170.345866285 
101044.04139710708 -131.9903603681727 