2413.3539554954614 -1635333.7446606224 
1135.7731747241874 -1212699.8943978215 
3566.5669562737685 -5968220.925336549 
-26703.777603635208 3713647.1226640143 
112495.2543892693 2721829.404664225 
243.90849103105876 12496.160976882276 
1983.4932056709927 41563.80582475331 
-356.46505311635656 44443.8840725907 
141205.76015545297 56354414.50713533 
20027.503829077927 9777937.711189404 
374.2545885651033 7350499.726573971 
46411.566465030446 -159716882.09727448 
328.17930008121937 -1382174.1689349827 
1197.0739896245218 748029.4734515058 
-823.6721806226702 -5311740.896242803 
12.127605659074632 326715.1195231346 
-68.2700755794906 -521.4641130041326 
61361.1002031956 161850217.2321491 
885245.221634929 -56028983.65227237 
98336.59774002517 -111.14093490536456 