2899.818777570339 -1637202.1149793756 
1476.164868301346 -1214130.1952187552 
3968.336030004008 -5975058.144376449 
-27162.318763087285 3717906.6819788413 
114294.17628338333 2724943.861240861 
-244.19777075020596 12809.545417379502 
2143.465143730202 41611.53429543045 
-409.87987448262237 44519.52707909241 
144647.2089305356 56418417.27659052 
20098.690066277355 9789238.905513689 
363.427427143253 7359086.889752487 
43255.348085690304 -159902106.25434044 
388.9111776089622 -1389057.6911291294 
1033.6567749602816 748886.3326339831 
-724.4753722483969 -5317879.004634728 
102.2881474084918 327124.9875148486 
406.5354803280475 -229.97466942602145 
73546.59386744951 162036027.69830823 
906582.1960172657 -56092987.25394337 
101190.38970289529 -229.2876791946107 