112.27148819866895 -4688.5650230629535 
2022.2716328811618 713693.6839251947 
108001.14116083944 28721921.08951089 
87.43236582772323 298.65609637023107 
182.593208280572 -334.6385916806177 
2259.9016587589 633428.5262493775 
125.26102003097526 -201.0339759342283 
472.4605266217335 -25182.001681973245 
-36.45019198521923 145.20875425026912 
-804.689351615057 -87156.30883443402 
-49.8325530941335 -13929.425979957436 
199.28029583939335 -275.88800567149514 
632.1749380693725 -172991.2416064883 
-97535558.87460783 -2803124548866.464 
5737639.4116549045 2803124556506.498 
107.85055467892226 61989.187309417044 
-317.54773538929777 81366.29634671808 
-435.2592246221201 -115698.87375549076 
-192.95811423981482 176.50376540032735 
-18429.708353529 49947.42394216003 