2413.3539554954614 -1638724.9372391766 
1135.7731747241874 -1215295.9672857097 
3566.5669562737685 -5980630.8454863895 
-26703.777603635208 3721378.4518289906 
112495.2543892693 2727482.3107947214 
243.90849103105876 12546.302487361832 
1934.2710708834938 41650.43556508342 
-332.72513250913283 44614.771927807196 
138452.60113538688 56470582.97470561 
19970.554839318385 9798449.986479074 
345.38215810683585 7366085.889418417 
42804.459745784574 -160053073.9006372 
328.17930008121937 -1389694.2318911687 
1109.9181418035937 749584.7189354001 
-797.2196983895307 -5322881.892979974 
-110.94868942743139 327445.4297629159 
-116.96808131359708 -521.4641130041335 
63166.35852382581 162187473.21803793 
887998.3796197466 -56145153.63035908 
98629.2943516016 166.85140459874387 