2439.6493512832926 -1640412.4975270827 
1156.4029743349242 -1216587.851898166 
3594.2751682551643 -5986806.39816759 
-26813.827481903707 3725225.7957262537 
112926.99564385667 2730295.368347812 
-268.6674778052035 12195.311914004942 
2008.1042730646627 41693.54515151065 
-368.33501341998175 44679.10617917987 
142582.339665486 56528391.927761905 
20112.92731371724 9808657.516836492 
367.03648095053643 7373842.036805463 
45509.78978521898 -160220373.13927743 
339.22145963171806 -1390937.7068681759 
1175.2850276692898 750358.6562615087 
-810.4459395061004 -5328425.990882358 
160.9640555311284 327892.5584811493 
102.17294448988214 212.6574485999995 
62263.729363510705 162355302.02618167 
889374.9586121554 -56202963.335094176 
98775.6426573898 180.7510215739493 