2439.6493512832926 -1640758.045586035 
1156.4029743349242 -1216852.380652145 
3594.2751682551643 -5988070.91609755 
-26813.827481903707 3726013.5851909313 
112926.99564385667 2730871.3753705877 
-191.39471868415887 12471.090221642498 
1958.882138277204 41702.37235254139 
-344.5950928127506 44700.71846674995 
139829.18064541992 56540228.999102004 
20055.978323957697 9810747.630195392 
352.6002657214027 7375430.200318049 
43706.23642559604 -160254629.65004662 
361.30577873271545 -1392210.7883922546 
1131.7071037588257 750517.129142569 
-783.9934572729609 -5329561.210929036 
249.69347757023743 328041.6013872271 
-92.61907844654384 -499.8723023687184 
64068.98768414091 162389666.9726111 
892128.116596973 -56214800.56034946 
99068.33926896623 -236.23748768221333 