2387.05855970763 -1641433.0697011973 
1115.1433751134505 -1217369.1344971275 
3538.8587442923726 -5990541.13717003 
-26740.460896391374 3727552.5227498366 
112639.16814079843 2731996.598391824 
24.969006854765812 12420.948711162942 
1909.6600034897428 41719.61618711374 
165.81320024280333 44722.330754320115 
137076.02162535384 56563352.58032452 
20055.978323957697 9814830.64233836 
352.6002657214027 7378532.659272867 
43706.23642559604 -160321549.3455027 
361.30577873271545 -1394697.738346269 
1131.7071037588257 750826.7040730125 
-810.4459395061004 -5331778.85008999 
9.265366238458213 328011.79280601157 
-92.61907844654384 -499.87230236871875 
62263.729363510705 162456798.4958686 
889374.9586121554 -56237924.442243494 
98775.6426573898 -97.2413179301592 