2926.1141733581703 -1643630.9160761607 
1496.7946679120828 -1219051.6604090645 
3996.044241985404 -5998584.05935245 
-27272.368641355784 3732563.230158891 
114438.09003491246 2735660.2709669205 
-218.4401843765245 11982.210494466828 
2118.8540763364695 41775.76129135119 
-89.39094628496713 44826.11999578759 
143270.62942050255 56638641.85966213 
20070.215571397584 9828124.735446712 
341.7731042995524 7388634.117893616 
40550.0180462559 -160539436.68725556 
377.8690180584635 -1397821.2290623225 
968.2898890945855 751834.6653048729 
-684.7966488986875 -5338999.377596189 
216.77772423314858 328272.61789164774 
-421.33061715176245 -78.83199497811366 
76254.48134839482 162675375.5388558 
913465.0909793098 -56313214.700553246 
101629.43462025993 -118.0907433929673 