2387.05855970763 -1643803.6901056368 
1115.1433751134505 -1219183.924786054 
3538.8587442923726 -5999216.31831743 
-26740.460896391374 3732957.12489123 
112639.16814079843 2735948.2744783084 
-273.8189950799398 12245.453424484498 
1909.660003489756 41780.17489186735 
165.81320024285162 44829.38696948989 
137076.02162535384 56644560.39533218 
20055.978323957697 9829169.792126162 
352.6002657214027 7389428.199649909 
43706.23642559604 -160556564.94264016 
140.46258772274155 -1397984.0650712163 
1131.7071037588257 751913.9017454031 
-810.4459395061004 -5339566.987619529 
249.69347757023743 328593.06013971503 
102.17294448988214 212.6574485999982 
62263.729363510705 162692558.0120705 
889374.9586121554 -56319133.313180886 
98775.6426573898 -83.34170095495375 