2360.763163919799 -1644141.202163218 
1094.5135755027136 -1219442.3017085453 
3511.150532310977 -6000451.42885367 
-26777.14418914754 3733726.5936706825 
112783.08189232755 2736510.8859889265 
-193.97047732152703 12546.302487361832 
1934.271070883482 41788.79680915498 
-154.6757279548731 44837.428750911036 
138452.60113538688 56656122.18594344 
20084.452818837468 9831211.298197646 
359.81837333596957 7390979.429127318 
44608.01310540751 -160590024.7903682 
-323.3081133982033 -1398013.671618288 
1153.4960657140577 752068.6892106248 
-823.6721806226702 -5340675.807200005 
129.47942190434782 328578.15584910725 
-116.96808131359708 -521.4641130041355 
61361.1002031956 162726123.77369925 
887998.3796197466 -56330695.254127905 
98629.2943516016 0.05600089627881388 