112.27148819866912 -5003.941308896336 
1994.6210523169632 727086.6051249865 
105839.42337448754 29091119.015905216 
107.5901388904257 300.99062139243716 
-12.351494724848743 -329.151194875506 
2269.7395483021605 646413.028389124 
214.48351372867828 -226.18091005049104 
470.7410570277447 -25749.666094221306 
-123.26556771161465 96.1008981200812 
-757.0689885272761 -89412.23074089423 
235.15602646409135 -11970.749560325406 
221.31714724942307 -277.7345305297193 
543.5732975105994 -175386.0342509542 
17212436.90815336 -2838391178542.4214 
-109010357.15341994 2838391186274.835 
-225.59346856862317 65909.92640375938 
-856.7155491758751 83802.67084467578 
259.09836051189194 -115628.05733292415 
-140.64446778917585 -124.30666128510168 
-19149.31997569098 53143.86406176883 