2413.3539554954614 -1651928.087491699 
1135.7731747241874 -1225403.4264203075 
3566.5669562737685 -6028947.193368351 
-26923.877360172206 3751479.337653768 
113646.56440150228 2749491.137269616 
133.15086962422814 12546.302487361832 
1983.4932056709367 41987.71675804941 
-356.4650531163764 45193.27757877125 
141205.76015545297 56922869.21218893 
20255.29978811609 9878311.75970402 
374.2545885651033 7426768.50921326 
46411.566465030446 -161361991.27723664 
151.50474727324024 -1412994.5844365167 
1197.0739896245218 755639.85715824 
-823.6721806226702 -5366257.858949576 
-82.32629522126717 330381.57501264877 
77.8239416228289 234.24925923541105 
61361.1002031956 163500533.8455625 
893504.6955893819 -56597445.74883412 
99507.38418633086 -125.04055188057004 