2387.05855970763 -1653286.171723395 
1115.1433751134505 -1226443.0859417603 
3538.8587442923726 -6033917.042907031 
-26887.19406741604 3754575.5334568033 
113214.82314691492 2751754.978824246 
-52.30375226627884 12345.73644544361 
1909.6600034897347 42022.40971096052 
165.81320024300624 45257.61183013166 
137076.02162535384 56969391.65536281 
20169.87630347678 9886526.391277371 
352.6002657214027 7433010.361158074 
43706.23642559604 -161496627.33118996 
140.46258772274155 -1413024.1909835883 
1131.7071037588257 756262.6924349655 
-810.4459395061004 -5370719.537737684 
132.3416613249643 330485.90504690324 
102.17294448988214 212.6574485999949 
62263.729363510705 163635596.07687816 
894881.2745817907 -56643968.796930455 
99361.03588054265 -83.34170095495375 