2899.818777570339 -1656167.0782148917 
1476.164868301346 -1228648.5175301677 
3968.336030004008 -6044459.593555652 
-27455.785105136616 3761143.499109988 
115445.48629561631 2756557.2699327366 
111.2569212065988 11957.13973922705 
2143.4651437302437 42096.00393356363 
-409.87987448267694 45375.976800404846 
144647.2089305356 57068079.79665177 
20326.48602531552 9903952.103816107 
363.427427143253 7446251.212768817 
43255.348085690304 -161782231.03144005 
388.9111776089622 -1419137.9429538734 
1033.6567749602816 757583.914013108 
-724.4753722483969 -5380184.104871039 
191.0175694476009 331253.47601320397 
406.5354803280475 -229.97466942602773 
73546.59386744951 163922103.82792354 
917594.8279565362 -56742658.221442506 
102361.17614920098 -229.2876791946107 