2439.6493512832926 -1657006.8403581593 
1156.4029743349242 -1229291.3839206519 
3594.2751682551643 -6047532.666199392 
-27033.927238440705 3763058.010716007 
114078.30565608965 2757957.100953203 
-157.90985639837314 12145.170403525386 
2008.104273064694 42117.456084923986 
-368.3350134200008 45428.499685301875 
142582.339665486 57096846.6328155 
20283.774282995862 9909031.565351108 
367.03648095053643 7450110.819444752 
45509.78978521898 -161865482.3192396 
-312.2659538477046 -1420485.0408456312 
1175.2850276692898 757969.039968243 
-810.4459395061004 -5382942.95358913 
-108.08645000681491 331126.7895430378 
-92.61907844654384 -499.8723023687241 
62263.729363510705 164005618.63959506 
897634.4325666083 -56771425.43165592 
99946.4291036955 194.65063854915465 