2952.4095691460016 -1657517.1264452166 
1517.4244675228197 -1229682.0252201327 
4023.7524539667997 -6049400.035700612 
-27529.15169064895 3764221.3742277985 
115445.48629561631 2758807.715975209 
-244.19777075020625 12709.26239642039 
2143.4651437302537 42130.491602736685 
-409.87987448267955 45460.41550531068 
144647.2089305356 57114326.95909681 
20269.53703555598 9912118.128102042 
348.9912119141193 7452456.130678454 
41451.79472606737 -161916070.42235222 
90.77286974549747 -1419878.1066306634 
990.0788510498176 758203.0638739949 
-671.5704077821177 -5384619.383192946 
-261.2162590097934 331462.1360817129 
406.5354803280475 -229.97466942602819 
77157.11050870993 164056366.87443852 
923101.1439261715 -56788905.98523058 
102653.8727607774 62.604277284703194 