2387.05855970763 -1658702.4366474363 
1115.1433751134505 -1230589.420364596 
3538.8587442923726 -6053737.626274312 
-27033.927238440705 3766923.675298495 
113790.4781530314 2760783.5540184514 
135.7266282615963 12471.090221642498 
1958.8821382772285 42160.77095513723 
-344.59509281275876 45493.3365479968 
139829.18064541992 57154930.86660064 
20283.774282995862 9919287.702995943 
367.03648095053643 7457903.900866975 
45509.78978521898 -162033578.22092095 
-135.5914010397255 -1419804.0902629844 
1175.2850276692898 758746.6627101902 
-836.89842173924 -5388513.451957716 
160.96405553112845 331678.24829552573 
102.17294448988214 212.65744859999307 
60458.4710428805 164174246.63253948 
897634.4325666083 -56829510.420699276 
99653.73249211907 69.55408577230594 