2926.1141733581703 -1658875.2106769125 
1496.7946679120828 -1230721.6847415855 
3996.044241985404 -6054369.885239292 
-27565.834983405115 3767317.570030834 
115589.40004714543 2761071.557529839 
191.1054389650116 12734.333151660168 
2168.076211124 42165.18455565682 
-421.7498347863066 45504.14269177915 
146023.78844056863 57160849.40227069 
20354.96052019529 9920332.759675393 
370.64553475781986 7458697.982623268 
44157.12476550177 -162050706.47630554 
101.81502929599615 -1419907.713177735 
1055.4457369155136 758825.8991507203 
-711.2491311318271 -5389081.061981055 
222.50220307438147 331506.84895353625 
430.88448319510076 -251.56648006144434 
74449.22302776462 164191429.1057542 
921724.5649337627 -56835429.03332692 
102507.5244549892 173.8012130863466 