2926.1141733581703 -1660225.2589072373 
1496.7946679120828 -1231755.1924315505 
3996.044241985404 -6059310.327384252 
-27565.834983405115 3770395.4451486445 
115589.40004714543 2763322.0035723117 
-107.68256296969417 12032.352004946384 
2118.854076336521 42199.672224833754 
-89.39094628484295 45575.51350187585 
143270.62942050255 57207096.56471573 
20298.01153043575 9928498.783961328 
341.7731042995524 7464902.900532905 
40550.0180462559 -162184545.86721772 
422.0376562604583 -1424141.4494089736 
968.2898890945855 759445.0490116072 
-684.7966488986875 -5393516.340302962 
-169.62459755006793 331998.690543593 
430.88448319510076 -208.3828587906134 
76254.48134839482 164325692.15226918 
924477.7229185803 -56881676.79711499 
102800.22106656562 -131.9903603681727 