2387.05855970763 -1661073.0570518759 
1115.1433751134505 -1232404.2106535225 
3538.8587442923726 -6062412.807421712 
-27033.927238440705 3772328.2774398886 
114078.30565608965 2764735.230104936 
-191.39471868415916 12571.37324260161 
1958.8821382772262 42221.32965994286 
-344.59509281275666 45600.39276314157 
139829.18064541992 57236138.6816083 
20340.723272755404 9933626.852783745 
367.03648095053643 7468799.441244016 
45509.78978521898 -162268593.8180584 
339.22145963171806 -1427264.9401250272 
1175.2850276692898 759833.8603825808 
-836.89842173924 -5396301.589487255 
-79.46405580065075 332319.1327916603 
-92.61907844654384 -499.87230236872546 
60458.4710428805 164410006.1487414 
897634.4325666083 -56910719.29163667 
99946.4291036955 55.65446879710046 