2413.3539554954614 -1661410.569109457 
1135.7731747241874 -1232662.5875760138 
3566.5669562737685 -6063647.917957952 
-27070.61053119687 3773097.746219341 
114222.21940761877 2765297.841615554 
-83.21285591469672 12596.443997841388 
1983.4932056709658 42229.95157723782 
-356.4650531163789 45621.502439366945 
141205.76015545297 57247700.47221956 
20369.197767635174 9935668.358855229 
374.2545885651033 7470350.670721426 
46411.566465030446 -162302053.66578645 
151.50474727324024 -1428034.7103488888 
1197.0739896245218 759988.6478478025 
-823.6721806226702 -5397410.409067731 
40.74999986523884 332304.22850105254 
77.8239416228289 234.24925923540786 
61361.1002031956 164443571.91037014 
899011.0115590171 -56922281.23258369 
100092.77740948371 -125.04055188057004 