2899.818777570339 -1665304.0117736976 
1476.164868301346 -1235643.1499318948 
3968.336030004008 -6077895.800215293 
-27602.51827616128 3781974.118210884 
115733.31379867456 2771787.9672558988 
77.77205892081278 12659.120885940834 
2094.2430089427867 42329.411551754776 
100.52841857318856 45803.19643830262 
141894.0499104695 57381073.9853423 
20383.43501507506 9959218.589608416 
348.9912119141193 7488245.210764397 
41451.79472606737 -162688036.90922067 
410.9954967099596 -1432904.9873421667 
990.0788510498176 761774.2318216101 
-698.0228900152573 -5410201.4349425165 
191.0175694476009 333146.3209203922 
-396.9816142847092 -57.24018434270528 
75351.85218807972 164830776.94630176 
925854.3019109891 -57055656.47993679 
102946.56937235383 187.70083006155195 